0
0
0
0
0
0
0
0
0
0
0
0
0
0
0
0
2
3
0
0
0
0
2
0
0
1
0
0
0
0
0
0
0
0
0
0
0
0
0
0
0
6
0
0
0
0
0
0
3
0
0
0
0
0
9
0
1
0
0
0
1
0
0
0
0
0
0
0
0
10
0
0
0
0
0
0
0
3
0
0
6
0
8
0
0
0
0
0
0
0
0
0
0
0
20
0
0
23
24
0
0
0
28
0
30
1
0
0
4
5
0
0
0
9
0
0
0
0
0
0
0
8
0
0
11
12
0
0
0
0
0
0
19
20
21
0
1
0
0
0
0
0
0
0
0
0
33
0
35
36
0
0
0
0
0
0
0
0
45
46
0
0
1
0
0
0
0
54
0
0
0
0
0
0
0
0
0
0
0
0
0
0
0
0
0
0
0
0
0
0
0
0
0
0
81
0
83
0
0
0
0
1
0
0
0
92
0
0
0
0
0
0
0
0
0
0
0
104
0
106
0
0
0
0
111
0
0
0
0
0
117
0
0
1
121
0
123
0
0
0
0
0
0
0
0
0
0
0
0
0
0
0
0
1
0
0
0
0
1
146
0
0
0
150
151
0
1
0
155
156
0
0
159
0
1
0
163
0
0
0
0
0
0
0
0
0
173
0
0
0
0
0
179
180
0
0
0
0
0
0
0
0
1
0
1
0
193
0
0
0
0
0
0
200
0
0
0
204
0
206
207
208
0
0
0
212
213
4
0
0
0
0
0
0
0
222
0
0
0
0
0
0
229
0
0
0
0
0
3
0
0
0
0
0
0
2
0
0
0
246
0
0
0
250
0
0
1
254
3
0
0
0
0
0
0
0
0
0
265
0
3
0
0
0
0
0
0
2
0
276
277
0
279
0
0
0
0
0
0
0
0
0
0
0
0
0
293
294
0
296
0
298
0
0
0
0
303
0
0
0
0
0
0
0
0
0
313
0
0
1
317
0
0
0
0
322
0
2
0
0
0
328
329
330
331
0
333
0
0
0
337
338
0
0
0
0
0
344
0
0
1
0
0
0
0
1
0
3
0
0
357
0
0
0
0
362
0
0
1
0
0
4
0
0
371
0
0
0
0
0
0
0
379
380
0
382
2
384
0
1
0
388
0
390
0
0
393
0
395
0
397
0
0
0
0
0
4
0
0
406
1
1
0
0
0
0
0
0
0
416
417
0
1
0
0
0
0
0
0
0
427
428
0
1
0
432
433
434
0
0
0
438
0
440
0
0
0
444
0
0
0
0
0
0
0
0
0
454
0
0
0
458
0
0
461
0
0
464
0
466
0
0
0
0
0
0
473
0
0
0
2
0
1
0
0
0
0
0
0
0
0
488
0
0
491
0
0
0
1
0
497
498
0
500
0
0
0
0
0
0
0
0
0
0
0
2
6
0
0
516
0
518
519
0
0
0
0
0
0
1
0
2
0
0
0
0
7
0
0
536
537
1
0
540
0
0
0
544
0
0
0
0
549
0
551
0
0
0
1
0
0
558
0
0
0
3
0
0
565
566
0
568
0
570
0
0
1
574
0
576
0
1
0
0
0
2
0
0
0
0
0
588
0
0
0
0
593
0
0
0
597
0
2
0
601
0
3
0
605
0
0
608
0
610
0
5
613
0
0
0
617
0
0
0
0
0
0
6
625
0
0
628
629
0
0
0
7
1
635
0
637
0
0
0
0
642
0
0
0
0
0
0
0
0
0
0
0
0
0
4
0
1
0
0
0
662
0
664
0
0
667
668
0
0
671
0
0
0
0
0
0
0
0
0
0
0
683
0
0
0
687
0
0
0
691
1
693
0
0
696
0
0
699
0
3
0
0
3
0
0
707
0
5
0
0
0
713
0
3
0
0
718
0
0
0
5
0
1
725
0
0
0
0
0
0
0
0
0
0
0
0
738
0
740
0
0
0
744
0
0
0
748
749
15
3
752
753
754
0
1
757
0
759
0
1
0
0
1
0
0
0
1
8
0
0
8
0
0
775
0
0
0
0
780
0
2
5
1
0
786
0
0
2
790
0
0
2
0
5
14
797
0
799
0
801
2
0
0
0
0
0
3
809
0
811
812
0
814
0
816
0
818
819
0
0
0
823
0
0
0
0
0
2
1
0
0
833
0
0
0
0
838
0
0
841
0
2
1
0
6
0
848
849
850
851
0
0
854
0
0
11
0
0
0
861
0
0
0
865
0
867
0
1
4
0
872
4
0
875
8
0
878
0
0
0
882
0
884
0
0
887
0
0
0
891
0
893
5
0
896
0
0
0
900
901
0
0
904
0
906
0
19
0
0
0
0
0
0
915
0
0
0
919
0
0
6
0
0
925
0
927
0
8
0
0
0
0
0
935
0
1
1
0
940
0
0
0
0
0
946
947
9
0
0
0
0
0
0
0
0
8
958
0
0
0
0
0
0
3
2
2
968
0
970
14
4
0
0
0
0
977
0
0
0
0
14
983
0
0
0
987
988
0
990
0
0
0
0
0
0
0
0
0
7
3
1
2
0
0
0
0
0
1009
0
0
0
0
0
0
0
0
2
0
0
0
1022
0
0
0
0
0
0
1029
0
1
2
2
0
0
1036
2
0
0
0
0
0
6
0
1
0
1047
0
1049
0
0
1
0
0
1055
1056
0
20
4
0
0
0
0
1064
1065
0
1067
0
1069
0
1071
0
0
0
20
1076
0
0
0
1080
0
0
0
1084
0
1086
0
4
0
20
1091
1092
0
1094
0
5
0
0
1099
0
1101
1102
0
0
0
0
1
0
0
3
0
0
1113
0
0
0
5
1118
0
0
1121
0
0
1
0
0
0
9
1129
0
0
0
0
1134
3
0
0
3
0
0
7
0
1143
0
0
0
0
0
0
1
0
0
10
0
0
0
0
0
1159
3
6
0
1163
2
0
7
4
0
0
0
0
0
0
1174
0
1
0
5
10
0
0
0
0
0
0
0
0
1188
0
0
1191
0
1193
1
0
0
0
0
0
0
0
0
0
0
8
0
0
5
0
1210
0
0
1213
1214
0
4
0
1218
0
0
0
0
1223
0
0
0
0
1
0
5
1231
0
0
0
1235
0
0
0
0
6
0
1242
0
0
0
1246
0
0
0
4
1251
0
7
0
0
0
5
0
0
4
9
1262
0
0
1265
0
0
5
1269
1270
10
0
0
0
0
0
6
0
1279
1280
1281
0
9
0
0
1286
1
1288
9
0
1291
1292
5
0
1295
7
0
0
1299
0
1301
1302
0
0
1305
0
0
1308
0
1310
1311
1312
3
0
8
0
0
0
0
0
0
2
0
1324
0
0
0
0
0
0
1331
0
1333
0
0
0
1
0
9
0
0
1342
0
0
0
0
1347
0
24
1350
0
7
0
2
0
2
0
0
0
3
0
7
9
1364
0
0
1367
0
1369
1370
0
1372
0
0
15
0
0
7
0
0
0
1382
4
0
0
1
0
8
1389
0
1391
0
2
1
0
8
0
0
0
0
0
1402
0
0
0
1406
1407
0
0
0
1411
1
0
0
0
1416
1417
1418
0
0
0
0
8
0
1425
7
1427
1428
1
0
1431
0
0
0
0
0
8
0
1439
0
1
0
0
3
0
0
10
0
1449
0
0
0
0
0
0
0
0
0
0
0
1461
0
0
0
1465
0
7
1
0
8
1471
0
0
7
0
1476
0
1478
0
1
5
0
0
1484
5
0
8
0
0
0
0
0
1
1494
0
1496
12
0
0
0
0
0
0
0
1505
0
1507
1
1509
4
1511
0
0
0
0
0
0
0
11
1520
0
5
10
0
0
0
0
0
1529
0
0
8
0
0
0
0
0
0
0
1540
0
1542
0
1
5
0
0
1548
1549
0
5
1
0
0
1
0
0
0
0
1560
1
0
0
1564
1565
3
0
0
12
8
0
0
1573
0
0
0
0
0
3
0
0
0
1583
0
0
0
0
11
0
6
6
0
0
0
0
0
6
0
0
5
11
1
1603
1604
6
1606
0
1608
1609
5
11
0
0
0
1
15
0
1618
1619
8
1
1
0
1
4
1626
0
1
1629
0
1631
9
0
0
0
0
9
1638
0
0
22
7
1
0
0
1646
0
0
0
1650
1651
2
4
1654
0
0
2
1658
0
0
1661
0
0
0
1665
0
0
2
0
1670
0
0
0
0
1675
0
0
0
17
0
0
0
0
0
0
0
1687
0
2
0
1691
0
1693
0
1695
11
4
16
1
0
0
0
0
0
15
1706
0
0
1709
0
6
1
1713
1714
0
1
7
0
0
15
0
0
0
0
1725
10
0
1
0
0
0
0
0
0
1735
5
1737
0
1739
0
0
0
11
1744
18
15
1747
6
0
1750
1751
0
0
0
0
1
0
0
2
0
0
17
1763
0
2
0
1767
0
0
1770
4
0
0
3
1775
5
18
3
0
8
0
1782
0
0
3
0
0
1788
1789
4
1791
0
0
1794
0
1
0
19
0
0
20
0
9
9
1805
0
0
4
0
1810
1811
0
1813
13
1815
0
0
0
0
0
1821
0
0
14
0
26
0
0
0
8
0
1832
1833
1834
0
0
0
1838
1839
0
1841
0
0
0
0
1846
14
0
0
0
0
0
0
0
0
0
0
7
0
11
0
0
0
17
0
0
1867
0
1869
3
1871
0
0
4
0
0
0
24
0
0
0
0
21
7
0
0
1887
0
0
1890
1891
0
0
18
0
7
0
1898
7
0
1901
0
1903
0
1
0
0
0
1909
0
1911
0
24
0
9
0
0
0
0
6
0
0
1923
0
0
0
17
0
0
1930
0
0
0
0
1935
1936
0
0
1939
0
9
1942
1943
8
1945
0
0
0
0
1950
1
0
9
0
0
0
1957
21
1
21
0
13
0
21
9
0
2
0
1
21
0
0
0
0
0
0
0
0
1979
0
1981
9
0
0
0
0
1
30
2
25
0
7
10
0
10
0
0
0
1999
0
0
10
2003
0
2005
2006
2007
4
2009
0
2011
0
0
2014
0
2016
2017
0
2019
2020
0
0
0
0
26
0
0
10
0
33
0
0
0
0
2035
0
0
2038
0
0
0
1
2043
0
2045
0
2047
6
0
0
0
0
0
2054
6
2056
0
0
0
2060
0
12
2063
0
2065
0
1
0
0
0
0
0
0
0
0
17
24
0
0
0
14
12
3
24
0
2086
2087
0
0
0
2091
3
0
2094
0
0
2097
0
0
0
0
2102
0
0
0
0
0
0
0
2110
2111
0
0
0
0
0
0
0
0
0
0
0
0
2124
20
0
2127
1
2129
0
0
3
0
2134
0
0
6
0
0
3
6
5
2143
0
0
0
0
13
0
0
0
2152
36
21
17
0
27
2158
5
13
29
2162
2163
0
2165
29
0
0
2169
0
0
0
2173
0
2175
0
2177
0
0
0
8
0
0
2184
2185
23
2187
0
0
0
1
0
0
0
0
0
18
0
0
9
2201
0
0
2204
0
15
0
0
0
0
25
4
31
0
2215
1
42
0
2219
2220
15
0
0
0
25
2226
0
39
9
0
0
4
0
1
43
0
0
2
2239
0
0
0
6
0
16
0
2247
0
0
0
0
0
0
18
2255
10
0
25
2259
40
0
3
22
2264
0
2266
2267
0
0
10
0
2272
2273
0
16
9
5
0
24
0
9
0
0
2284
1
0
0
0
16
0
0
0
0
0
0
0
2297
2298
0
0
2301
0
2303
0
1
14
2307
0
0
0
0
2312
0
0
0
2316
0
0
0
14
0
29
0
0
0
0
13
0
2
0
0
2332
0
0
30
0
0
0
0
0
46
0
0
0
0
0
46
2348
16
0
1
2352
0
0
0
26
3
0
11
0
0
2362
0
24
2365
0
0
0
0
2370
0
0
2373
0
28
25
16
0
0
0
0
0
12
0
0
2386
0
0
2389
1
45
0
36
0
0
1
0
2398
0
2400
0
0
0
21
1
2406
31
0
0
0
1
2412
0
0
2415
2416
22
2418
0
16
2421
0
0
30
0
0
0
0
2429
2430
0
0
0
0
0
0
0
0
1
0
1
2442
0
2444
0
2446
2447
0
1
21
0
2452
0
0
0
0
0
0
0
0
0
0
0
0
2465
32
0
38
2
0
0
0
1
11
19
0
0
2478
0
0
0
0
0
18
0
2486
2487
47
0
0
0
2492
0
0
0
2496
2497
18
2499
2500
2501
0
0
0
2
2506
0
6
0
2510
0
2512
0
2514
0
0
0
2518
0
0
2
0
0
2524
33
19
0
0
2529
50
0
0
2533
4
0
47
0
2538
2539
0
2541
0
2543
0
0
44
2547
0
0
2550
0
0
1
1
0
0
0
2558
37
0
0
0
2563
2564
0
2566
0
0
2569
0
0
2572
6
0
0
5
0
0
0
0
2581
0
7
2584
0
0
0
2588
0
0
0
25
2593
20
2595
2596
0
0
0
0
0
2602
0
2604
0
0
0
2
0
0
0
2612
0
2614
45
2616
7
0
39
2620
0
0
0
4
0
0
0
14
0
2
20
48
0
2634
2635
0
2637
0
0
0
23
0
0
0
0
0
2647
2648
46
2650
25
2652
1
0
2655
0
0
2658
0
7
0
0
0
0
0
2666
0
2668
0
0
26
0
0
2674
0
0
2677
2678
0
1
2681
1
2683
0
0
2686
2687
0
20
0
0
0
0
0
0
0
43
2698
0
0
0
0
0
0
0
0
0
0
0
1
21
0
0
0
2715
0
26
0
0
0
0
45
2723
15
0
0
0
31
2729
0
9
0
0
2734
0
2736
9
43
0
0
0
0
2743
2744
2745
2746
0
9
0
0
0
2752
0
2754
2755
45
2757
0
0
0
2761
30
44
0
2765
2766
2767
0
28
27
0
0
2773
0
0
0
0
0
0
0
30
29
0
0
0
2786
0
11
0
0
2791
0
0
30
0
2796
0
0
0
0
0
0
0
22
2805
11
0
2808
2809
0
0
2812
65
1
0
2816
0
1
2819
0
0
0
0
0
0
0
0
0
0
0
1
0
22
22
0
0
3
2838
0
3
0
2842
0
0
47
0
0
1
2849
0
1
0
50
56
0
2856
3
0
0
0
0
0
0
2864
0
0
0
0
0
0
10
0
2873
2874
5
0
0
2878
52
0
14
16
0
14
8
0
0
0
0
2890
0
2892
0
14
0
0
0
22
0
0
0
2902
13
0
0
0
2907
0
1
0
0
0
0
0
0
16
1
2918
0
29
0
0
1
0
0
0
0
0
0
0
0
2932
0
24
0
2936
2937
2938
32
0
0
0
0
0
17
51
11
0
0
11
2951
0
0
0
0
0
0
0
0
2960
2961
13
17
51
8
0
35
0
2969
0
0
0
0
0
0
2976
0
0
0
0
0
0
0
0
0
16
14
0
0
0
2991
0
2993
0
15
26
0
51
0
3000
3001
13
12
0
0
0
0
0
0
3010
0
0
0
0
15
14
3017
3018
0
0
0
3022
0
0
0
0
3027
3028
3029
0
3031
0
26
3034
0
3036
0
0
0
3040
0
21
0
17
6
3046
1
1
3049
0
0
0
0
0
0
0
3057
0
3059
0
3061
0
1
3064
0
24
0
3068
0
3070
3071
3072
0
3074
3075
0
3077
0
3079
0
20
37
0
0
0
0
0
0
0
0
0
0
3093
3094
26
0
0
0
56
0
3101
0
0
0
3105
61
0
37
16
3110
0
0
0
0
3115
3116
0
0
0
0
0
0
0
27
3125
3126
0
36
0
0
3131
0
3133
17
3135
0
3137
0
0
18
0
25
25
3144
3145
0
0
3148
32
0
0
0
1
0
0
0
3157
17
0
0
0
3162
3163
2
0
0
3167
77
0
0
0
0
1
0
1
0
0
0
49
42
0
0
0
3184
0
3186
7
0
0
0
32
79
0
66
32
0
0
0
0
3200
0
0
0
0
55
3206
0
0
27
0
12
3212
0
79
3215
0
0
0
3219
0
3221
0
3223
3224
0
3226
3227
3228
0
0
0
0
3233
3234
0
0
0
0
0
3240
0
0
0
0
74
1
0
3248
3249
0
0
3252
0
3254
0
3256
0
0
1
0
0
27
0
0
0
3266
0
3268
0
3270
20
1
0
0
0
35
0
23
3279
0
0
0
66
3284
0
0
1
23
3289
0
66
3292
21
41
3295
0
0
0
20
41
0
0
3303
3304
41
0
0
0
1
3310
0
28
0
0
0
3316
0
0
29
58
25
9
0
20
0
1
0
0
0
25
3331
83
0
0
0
12
3337
3338
0
0
0
22
76
3344
3345
0
0
0
40
0
0
3352
1
0
0
0
0
0
57
3360
0
0
3363
0
27
36
1
0
3369
75
0
0
0
60
3375
0
0
30
0
0
3381
3382
86
58
45
3386
0
3388
0
0
0
0
3393
0
26
3396
31
77
3399
0
1
0
26
2
3405
45
26
10
0
0
45
3412
0
0
60
0
14
0
0
0
3421
0
0
1
27
3426
0
0
0
3430
38
0
0
0
0
0
3437
3438
0
0
0
0
0
31
0
3446
3447
0
3449
0
48
0
0
26
3455
3456
0
3458
3459
3460
0
29
3463
3
0
0
0
0
0
3470
0
0
3473
0
3475
0
3477
3478
0
0
0
0
0
39
81
0
3487
0
29
41
0
0
79
0
0
0
0
0
0
62
35
48
0
3
3505
0
29
0
38
0
33
0
28
0
41
0
0
0
0
0
36
0
0
0
17
82
0
0
1
28
0
0
63
4
3535
0
3537
13
0
0
0
0
3543
0
28
3546
3547
0
0
0
0
0
1
0
3555
65
0
0
38
0
1
0
28
1
3565
91
0
34
0
0
0
42
0
43
0
31
0
0
0
0
0
3582
29
3584
0
3586
3587
0
0
0
3591
0
0
3594
0
0
1
2
3599
0
0
57
3603
3604
3605
0
1
0
10
0
0
0
3613
3614
0
1
0
0
0
1
0
3622
0
0
0
0
3627
39
0
0
1
0
0
54
3635
0
3637
69
3639
0
3641
55
0
0
0
3646
3647
0
0
0
3651
0
0
0
0
0
40
20
1
0
0
0
0
67
3665
0
3667
0
3669
0
0
1
41
21
0
3676
3677
0
3679
0
0
0
0
1
0
0
0
3688
0
0
0
41
0
0
91
30
3697
0
0
3700
0
0
39
35
3705
0
0
3708
31
41
3711
37
3713
0
3715
3716
3717
0
1
89
37
0
16
0
3725
0
0
0
0
0
0
3732
0
0
0
72
3737
3738
0
0
0
3742
3743
0
0
0
0
0
3749
0
40
64
0
0
92
0
0
3758
61
0
0
3762
3763
3764
3765
0
0
0
0
98
3771
0
0
3774
0
40
0
0
22
0
0
25
3783
0
74
3786
0
0
0
0
0
1
0
0
0
0
3797
0
3799
0
0
43
0
26
0
0
0
0
67
0
2
0
20
0
44
0
0
26
0
56
0
73
0
0
0
0
3827
0
0
0
0
3832
22
0
22
0
64
0
0
0
0
3842
0
0
3845
0
76
0
0
26
55
3852
0
45
3855
53
0
3858
0
58
0
0
58
3864
3865
0
0
0
0
0
3871
0
3873
0
0
0
0
0
66
0
0
0
42
0
0
0
0
0
55
3890
0
1
0
0
3895
1
3897
0
104
0
0
0
0
0
0
0
0
0
0
3910
47
0
0
56
0
3916
3917
0
3919
46
3921
0
57
3924
3925
2
3927
0
3929
0
0
0
0
0
1
59
0
0
3939
3940
0
3942
0
58
0
0
3947
30
0
1
0
0
0
0
0
0
0
0
105
0
31
0
0
47
0
3966
0
0
43
0
3971
0
0
0
53
47
103
0
0
0
0
0
103
0
44
0
0
3988
0
3990
49
0
0
62
0
45
53
3998
0
3
34
0
4003
0
4005
0
60
103
0
6
0
4012
0
0
0
4016
0
49
0
63
0
3
0
45
50
58
1
4028
0
0
0
0
0
0
0
0
4037
78
53
3
0
0
0
4044
108
0
0
4048
4049
0
4051
0
4053
65
0
52
4057
1
0
0
52
0
4063
0
0
0
0
0
4069
4070
3
0
4
0
0
0
4077
66
0
55
0
0
0
0
0
55
0
0
0
82
0
0
0
37
4095
0
0
0
85
0
110
0
12
0
2
4106
0
38
0
4110
4111
0
4113
0
4115
0
4117
68
0
0
0
0
0
0
13
0
0
114
50
13
4131
4132
0
47
0
0
4137
0
4139
0
0
48
0
57
0
0
111
0
0
49
0
0
0
83
0
49
4157
0
49
4160
4161
0
43
0
49
0
0
0
53
4170
84
0
0
0
0
0
4177
0
4179
0
0
0
0
78
51
0
0
4188
0
1
0
0
0
4194
0
60
0
4198
0
90
0
0
0
0
0
43
4207
1
0
0
0
0
0
0
0
111
0
36
0
43
4221
0
0
0
0
0
0
0
0
4230
0
0
0
0
0
0
91
74
0
0
4241
75
65
0
0
0
86
0
58
112
58
0
66
0
0
0
1
0
0
59
0
0
59
0
0
0
59
4268
70
60
0
1
4273
4274
0
4276
75
0
71
0
93
86
62
4284
123
1
4287
0
115
0
0
1
4293
89
4295
62
0
0
0
1
21
4302
4303
0
4305
0
0
15
4309
0
61
0
0
50
0
0
0
0
50
4320
16
0
4323
0
0
0
0
4328
4329
0
0
4332
0
75
4335
0
0
0
0
0
0
76
1
0
4345
81
0
65
81
0
82
0
0
0
0
4356
18
117
1
0
0
95
0
4364
0
0
0
4368
0
4370
0
0
117
0
1
0
0
4378
0
127
0
82
0
0
4385
0
0
0
96
23
127
0
0
0
0
41
0
0
19
4400
0
81
0
0
4405
68
130
78
0
0
0
4412
72
4414
21
0
0
0
68
4420
0
0
4423
1
0
0
0
0
0
0
4431
0
0
1
0
4436
0
0
0
4440
0
4442
4443
0
4445
0
1
0
0
97
0
98
25
0
1
4456
0
25
4459
0
0
118
0
4464
63
2
0
0
26
0
0
0
0
0
0
4476
0
0
4479
0
0
0
54
0
132
0
0
0
0
4490
0
28
0
4494
0
4496
0
100
0
0
0
0
4503
0
85
0
0
4508
0
0
54
69
0
0
4515
4516
0
0
72
88
100
1
4523
0
0
0
0
0
4529
4530
4531
98
1
0
4535
1
0
58
28
0
0
0
0
0
0
69
89
0
4549
0
0
4552
122
4554
1
0
0
0
0
0
102
0
76
0
0
0
4567
0
72
0
0
0
4573
0
0
4576
0
0
0
68
0
0
0
71
0
0
0
0
4589
4590
1
0
0
0
0
0
0
4598
0
0
4601
101
0
4604
4605
0
0
0
4609
0
0
4612
0
4614
0
0
4617
0
76
0
0
71
4623
76
2
0
0
0
0
4630
78
4632
0
0
94
0
0
4638
0
0
0
4642
4643
91
0
1
78
0
0
4650
4651
0
4653
0
4655
0
32
77
4659
0
0
4662
4663
0
0
0
0
4668
0
0
0
107
0
0
79
0
0
0
94
1
0
0
73
4684
4685
0
4687
0
0
0
0
37
0
4694
73
74
33
0
0
4700
0
5
4703
0
4705
0
0
0
0
4710
0
2
4713
0
4715
0
37
1
0
4720
0
0
0
73
0
0
0
4728
1
100
80
0
4733
0
0
4736
0
4738
0
4740
0
75
0
0
99
4746
0
4748
0
4750
0
0
4753
4754
0
1
0
0
0
0
0
83
94
4764
0
0
0
68
68
0
0
0
77
0
0
0
4777
0
0
54
0
4782
1
4784
0
82
0
0
1
0
0
4792
0
1
0
4796
107
0
0
0
0
99
56
4804
0
0
106
98
4809
4810
78
4812
0
0
0
0
4817
0
0
0
4821
4822
4823
1
39
1
4827
113
1
0
0
4832
4833
0
0
0
0
0
0
0
98
0
0
0
0
0
4847
0
4849
4850
89
0
83
1
0
0
0
84
4859
80
0
0
0
0
4865
0
0
0
0
85
0
0
0
0
0
99
107
0
1
73
0
119
86
0
0
108
0
102
4889
0
0
0
0
100
0
0
4897
0
0
0
4901
0
61
87
0
1
41
0
2
4910
4911
4912
4913
4914
0
0
4917
1
4919
0
0
4922
4923
0
0
0
0
4928
4929
0
0
0
0
4934
0
4936
0
0
0
0
0
0
100
4944
0
0
4947
0
4949
0
100
0
81
4954
0
4956
0
0
0
0
1
4962
1
0
4965
0
0
0
82
0
0
1
0
0
0
51
77
0
0
0
83
4982
0
4984
4985
0
0
4988
78
1
0
0
0
0
0
102
4997
0
0
0
5001
5002
0
0
86
5006
0
141
0
0
82
0
96
102
1
104
1
104
0
77
0
0
1
0
0
5026
0
0
47
5030
0
0
0
1
0
5036
78
5038
0
102
0
0
0
0
0
0
0
5048
0
0
5051
0
0
0
0
0
0
5058
96
96
0
5062
0
0
5065
0
2
106
0
5070
5071
5072
1
0
0
0
0
106
0
90
0
0
0
5084
79
0
0
0
0
0
5091
5092
98
1
0
108
142
0
115
116
108
106
0
0
0
0
90
0
0
0
5111
0
0
1
107
0
0
1
0
0
85
5122
5123
0
0
53
5127
0
53
5130
0
106
0
0
0
101
0
0
0
0
108
0
5143
90
86
0
0
0
0
0
0
0
0
91
0
0
0
90
0
0
5161
5162
0
0
5165
0
5167
78
117
0
0
0
0
0
5175
0
0
0
0
0
0
0
0
0
107
0
5187
0
5189
2
5191
0
0
0
0
0
0
0
0
0
5201
0
0
88
0
110
88
0
90
0
0
0
0
0
0
1
0
0
5219
0
5221
0
0
90
0
0
1
111
0
0
0
0
0
5234
0
0
0
5238
0
0
0
0
82
0
5245
0
0
0
0
5250
5251
0
0
5254
0
1
5257
1
0
0
0
95
0
0
0
5266
5267
0
0
168
0
0
0
90
0
0
0
60
0
5280
0
5282
0
0
77
111
0
5288
5289
0
0
0
0
5294
1
0
0
0
0
5300
0
5302
169
117
5305
0
0
92
97
5310
111
0
103
126
0
0
99
97
0
0
2
0
0
0
0
0
0
0
0
1
0
5332
2
5334
5335
98
127
0
0
0
0
0
0
0
0
5346
0
0
0
5350
2
0
5353
0
86
78
0
0
5359
0
0
0
5363
0
0
1
100
5368
0
0
0
5372
0
119
3
85
5377
0
0
5380
5381
0
68
0
147
5386
1
5388
5389
5390
0
5392
1
5394
5395
5396
5397
0
0
0
0
0
0
1
0
0
0
0
0
0
0
0
0
5414
0
5416
5417
0
0
5420
106
0
97
5424
0
119
88
129
2
5430
1
0
99
5434
129
1
1
0
5439
0
5441
5442
120
97
0
0
0
0
0
82
0
0
0
5454
5455
0
5457
0
0
98
0
0
0
0
3
0
0
0
1
149
0
0
5473
0
0
0
5477
5478
0
0
5481
118
0
5484
0
122
1
0
99
0
0
5492
0
0
0
0
0
0
0
5500
99
136
0
104
137
0
0
5508
126
120
0
0
0
0
0
5516
0
0
1
0
5521
149
2
104
0
0
5527
0
0
0
0
0
121
0
1
0
0
5538
0
0
75
0
5543
0
0
5546
0
0
1
106
0
0
5553
123
152
0
0
0
0
0
0
5562
142
5564
137
0
0
5568
0
137
0
154
0
0
0
0
12
0
124
0
0
119
0
1
129
0
5587
0
0
128
0
0
78
5594
5595
78
0
0
5599
0
0
5602
140
0
0
5606
138
5608
126
0
111
0
0
5614
0
0
5617
0
5619
0
0
0
0
5624
0
5626
0
0
107
1
0
0
1
141
0
0
0
115
0
0
0
3
0
0
5645
0
0
5648
5649
5650
0
5652
0
0
0
0
5657
3
0
97
0
0
0
1
141
0
83
5668
5669
0
5671
0
5673
0
5675
0
5677
0
0
0
5681
0
0
0
110
124
110
0
0
0
2
5692
111
84
5695
0
0
0
5699
0
1
0
5703
118
5705
0
5707
0
0
0
146
5712
0
0
5715
0
5717
117
0
0
0
127
0
0
0
0
0
0
161
1
0
0
133
5734
5735
1
1
123
1
0
5741
0
0
0
113
5746
0
0
5749
0
127
0
110
1
5755
5756
0
0
0
0
0
113
5763
5764
120
0
1
187
5769
114
1
0
0
0
0
0
0
0
4
0
164
0
0
5784
0
99
1
115
0
0
0
0
0
5794
1
0
0
5798
0
135
0
0
5803
113
121
0
131
5808
0
0
86
5812
0
1
116
130
0
130
5819
5820
5821
0
0
0
0
5826
0
0
5829
5830
5831
5832
0
0
0
5836
0
0
0
148
5841
5842
5843
0
5845
118
0
0
0
1
0
0
5853
5854
5855
132
0
0
1
107
87
0
0
5864
5865
117
0
0
0
0
0
0
149
5874
0
171
0
0
0
0
0
120
0
5884
172
1
5887
0
108
0
89
0
0
0
0
31
0
1
0
0
190
5902
0
0
1
1
5907
109
5909
0
0
0
5913
0
0
1
5917
5918
5919
0
5921
117
0
32
5925
0
5927
5928
0
0
0
5932
0
1
0
5936
5937
5938
0
0
0
150
0
0
175
0
192
0
1
5950
111
5952
2
152
5955
0
0
0
0
127
0
0
111
0
0
0
3
0
127
0
1
0
0
0
0
5976
0
152
0
5980
0
0
0
144
0
135
0
5988
0
0
5991
0
0
1
0
0
0
149
135
6000
6001
154
0
135
154
154
6007
6008
6009
6010
6011
0
0
0
6015
0
1
0
0
0
0
1
0
6024
6025
0
0
109
0
120
0
0
0
0
6035
1
6037
6038
150
109
129
0
0
136
0
156
0
6048
0
144
0
0
0
0
0
0
0
1
6059
0
131
144
0
0
0
6066
6067
157
0
0
0
0
194
0
148
0
1
139
0
0
139
0
6083
0
0
140
0
0
0
6090
110
0
130
0
139
113
0
0
125
6100
0
6102
158
0
0
0
0
178
155
6110
178
0
0
0
0
6116
144
178
0
0
6121
0
0
126
6125
0
44
6128
179
0
1
0
6133
126
0
0
0
92
0
143
160
6142
6143
1
0
0
1
0
126
179
0
0
6153
1
180
111
0
0
0
0
0
6162
0
6164
145
6166
0
0
6169
0
196
1
0
181
0
123
0
6178
1
159
0
0
0
0
0
0
159
6188
0
0
0
0
6193
93
0
0
0
0
0
0
0
117
0
1
1
0
2
6208
157
157
49
0
0
0
181
0
136
0
0
103
0
6222
6223
181
150
128
0
1
0
0
6231
0
181
0
6235
105
6237
181
0
0
0
6242
6243
6244
117
6246
6247
6248
1
146
0
0
0
0
0
6256
0
6258
0
1
6261
164
0
3
93
161
0
0
0
130
0
0
6273
1
0
151
0
0
1
0
0
150
0
0
6285
158
6287
6288
140
6290
0
0
0
6294
0
167
0
0
131
1
0
0
1
169
0
167
121
0
162
6310
2
131
6313
2
0
154
0
0
6319
0
0
0
119
168
0
0
0
0
6329
162
1
0
0
6334
6335
0
0
0
6339
0
6341
0
6343
6344
0
0
6347
0
0
0
51
152
136
1
122
0
1
0
0
162
98
0
6363
118
0
0
0
0
148
6370
3
0
0
0
0
0
6377
0
0
173
0
0
140
0
145
6386
0
0
0
153
6391
0
0
157
145
6396
6397
0
0
0
6401
6402
0
6404
0
0
0
0
0
0
0
186
163
0
0
0
6417
136
0
0
0
168
6423
6424
136
137
124
150
0
0
154
0
0
0
0
6436
0
0
0
186
0
0
175
0
136
0
6447
6448
6449
134
6451
0
3
104
0
0
0
134
55
0
0
0
0
0
6465
152
124
0
0
6470
124
6472
0
0
152
0
0
157
6479
0
0
157
157
6484
0
0
0
6488
0
0
122
0
6493
0
6495
0
0
6498
0
6500
154
6502
0
6504
0
0
6507
6508
1
3
128
3
0
139
0
142
173
6518
6519
0
6521
122
6523
0
0
0
193
0
0
0
144
6532
0
0
0
0
0
0
0
143
6541
117
6543
0
0
0
141
0
6549
6550
0
0
6553
6554
129
154
163
0
6559
129
0
0
0
0
0
61
61
6568
0
0
1
1
0
1
0
6576
0
0
0
0
0
0
0
6584
146
146
0
0
0
0
0
0
0
0
146
119
0
0
0
146
0
0
164
6604
0
0
6607
0
0
0
0
0
0
2
124
0
0
1
63
0
0
0
0
0
0
0
0
0
156
63
142
6632
6633
0
1
0
0
64
165
0
0
0
174
0
0
0
64
0
0
0
1
6652
6653
0
125
6656
147
0
0
197
1
0
0
0
0
0
0
6668
1
6670
0
6672
0
6674
0
0
0
0
156
0
0
0
0
6684
0
0
0
6688
0
0
6691
0
0
0
166
166
0
0
0
0
0
127
177
0
6705
0
171
0
137
0
160
0
1
0
0
0
0
148
1
0
6721
0
0
0
6725
6726
0
0
0
0
0
1
0
0
2
6736
0
161
171
138
0
6742
0
0
0
2
178
147
6749
0
137
6752
3
169
0
0
0
0
0
6760
0
1
0
0
6765
0
0
0
168
0
146
0
0
6774
0
0
0
6778
0
0
147
0
0
0
6785
1
6787
147
6789
0
1
0
0
153
0
132
0
0
0
6800
0
0
0
6804
0
0
0
0
6809
201
6811
0
132
152
0
0
0
0
173
72
0
6822
6823
0
0
6826
0
0
0
6830
1
183
0
0
0
0
0
0
0
0
0
0
0
0
121
198
6847
0
0
0
163
0
172
0
6855
154
156
0
6859
0
0
0
0
0
6865
0
0
1
0
0
142
0
188
0
0
0
0
2
6879
6880
0
0
6883
0
0
6886
0
0
6889
0
6891
1
0
0
6895
198
0
0
1
0
0
6902
0
0
0
75
6907
0
0
198
6911
6912
0
123
0
0
188
0
175
6920
155
0
0
6924
6925
6926
0
0
6929
173
188
6932
6933
0
0
0
0
176
6939
0
0
0
0
1
6945
146
0
189
181
2
0
6952
1
0
1
0
0
0
6959
175
157
0
0
0
0
176
1
6968
0
0
136
0
0
189
0
0
191
0
0
2
0
0
0
3
1
6986
6987
0
167
6990
0
0
6993
0
0
1
6997
6998
6999
0
0
149
7003
1
0
0
1
0
2
0
0
0
7013
0
206
0
0
0
0
206
0
182
0
0
0
0
0
7028
0
2
7031
161
146
0
0
0
1
207
7039
0
0
157
0
1
7045
7046
7047
215
0
0
0
7052
181
0
7055
1
195
7058
163
182
1
7062
0
0
0
164
0
0
0
2
0
0
195
1
195
0
178
0
0
0
0
0
0
0
0
0
0
0
0
224
0
138
146
194
0
0
162
147
138
0
0
7102
7103
0
195
7106
0
7108
0
2
0
0
0
0
7115
7116
0
0
7119
147
2
0
0
7124
210
211
7127
7128
0
0
164
0
183
7134
0
7136
0
0
0
0
0
0
7143
175
7145
7146
156
1
0
0
0
2
0
7154
197
0
0
4
0
0
179
0
1
187
0
7166
0
7168
0
0
0
0
1
212
0
7176
0
203
0
0
1
7182
1
1
165
0
7187
0
223
1
7191
0
211
0
0
0
166
0
0
2
150
7202
7203
0
7205
163
7207
0
134
0
0
0
1
0
201
0
143
0
0
7220
7221
2
0
0
167
0
0
7228
224
0
183
0
0
0
7235
0
0
1
0
1
0
0
1
0
0
0
0
0
187
0
183
0
0
0
0
7256
7257
144
0
7260
0
0
7263
0
0
0
7267
0
0
0
0
0
0
171
7275
7276
0
0
7279
227
0
0
0
166
194
7286
227
0
0
206
0
0
0
7294
0
0
0
1
0
164
0
0
0
7304
0
0
0
0
0
0
7311
231
7313
0
203
7316
1
0
188
0
0
231
0
0
0
0
1
7328
1
0
7331
228
194
0
168
0
7337
0
203
7340
0
0
148
0
0
2
0
0
0
0
2
0
7353
0
0
7356
0
0
0
174
7361
0
162
7364
0
209
0
0
190
1
0
0
0
232
0
0
0
0
0
168
7381
0
7383
0
0
0
0
204
7389
0
0
0
196
2
221
0
0
7398
0
0
0
7402
0
0
195
7406
1
0
0
0
0
7412
0
0
0
1
207
0
0
188
196
204
169
169
7425
7426
0
7428
0
0
0
170
171
7434
0
0
0
7438
0
0
7441
7442
0
0
0
197
0
173
0
189
174
0
7453
0
2
0
0
169
0
0
0
0
0
7464
0
7466
210
2
7469
0
0
0
7473
0
7475
0
0
174
214
93
0
172
173
0
7485
7486
0
0
0
238
205
0
0
191
0
7496
0
0
7499
0
203
7502
0
196
0
7506
222
0
175
0
0
0
1
0
7515
0
7517
0
0
0
3
0
180
95
0
7526
201
0
0
0
7531
0
200
223
0
184
7537
0
0
0
0
1
0
0
204
176
0
0
0
0
0
0
95
0
0
0
0
206
0
0
0
7562
0
0
0
7566
225
0
0
7570
3
0
1
216
0
0
206
0
7579
0
7581
149
0
0
0
7586
242
0
0
7590
0
0
0
7594
7595
1
0
0
0
0
0
7602
0
1
0
173
207
7608
7609
0
0
0
7613
0
7615
0
0
0
227
0
7621
0
1
0
205
0
0
220
3
0
7631
7632
2
1
0
204
97
7638
7639
0
0
0
0
0
0
0
0
0
0
7650
186
1
205
0
222
0
7657
0
0
7660
240
179
0
0
7665
0
0
178
0
207
0
0
3
7674
0
0
7677
0
7679
0
0
179
7683
241
0
245
7687
0
0
205
180
205
1
1
7695
230
0
7698
0
3
0
7702
0
0
179
0
0
208
186
7710
0
7712
245
7714
0
7716
0
2
7719
0
7721
1
179
7724
0
154
7727
7728
7729
7730
0
7732
0
0
0
0
0
217
181
0
0
0
0
203
0
212
0
206
0
0
7751
209
0
4
7755
0
0
235
7759
0
247
7762
0
0
0
7766
0
7768
7769
0
7771
3
0
0
0
0
178
0
7779
165
100
0
0
190
237
190
0
7788
0
0
237
182
0
0
165
7796
214
0
0
0
7801
7802
2
0
7805
3
0
208
0
0
0
0
192
1
7815
0
7817
232
0
0
0
0
0
4
0
0
7827
7828
0
0
0
0
7833
0
0
0
0
0
1
7840
7841
0
0
0
0
195
7847
0
195
0
7851
7852
0
181
0
7856
0
0
7859
0
0
7862
1
7864
0
0
7867
0
0
7870
7871
0
1
7874
7875
0
219
0
7879
0
0
7882
7883
7884
0
0
163
0
0
184
0
0
240
0
0
7896
0
7898
0
193
7901
193
0
1
7905
0
0
166
7909
0
0
7912
0
0
184
0
0
0
0
7920
7921
7922
249
220
215
0
184
0
0
0
1
249
7933
0
0
0
0
252
7939
0
0
216
224
221
0
0
0
0
0
253
0
0
7953
0
0
0
0
0
7959
168
216
0
7963
0
0
7966
0
0
0
2
0
0
1
167
199
0
0
0
7979
0
167
7982
0
216
0
191
7987
0
0
0
0
0
0
1
7995
168
0
248
0
8000
0
8002
8003
8004
8005
0
0
8008
189
191
199
0
0
0
0
0
8017
8018
0
1
223
8022
0
8024
0
1
0
0
0
170
0
0
199
8034
214
0
8037
201
0
8040
0
1
0
0
113
0
0
8048
0
0
231
192
8053
0
8055
8056
222
0
2
0
0
0
0
0
1
8066
8067
0
0
0
0
215
0
0
2
8076
203
0
0
0
8081
1
0
0
0
0
0
0
0
222
0
8092
0
0
8095
0
8097
8098
198
0
231
0
0
0
0
0
0
0
2
0
0
8112
194
0
0
0
199
0
0
0
0
8122
0
0
1
0
8127
0
173
0
0
0
216
0
193
0
0
0
1
8140
1
1
1
221
260
0
8147
0
0
0
0
3
0
0
0
0
0
8158
0
0
220
1
0
0
0
0
0
8168
8169
194
8171
0
0
1
0
220
253
223
8179
254
211
0
0
0
0
0
1
0
0
0
195
0
0
0
0
192
0
225
0
0
8201
1
195
218
0
0
121
0
0
8210
121
1
0
1
8215
1
8217
0
0
0
0
209
204
2
8225
0
197
228
0
0
0
0
0
0
8235
0
0
0
0
0
1
236
0
0
254
218
8247
8248
0
265
197
0
8253
8254
8255
0
8257
1
0
256
232
0
1
231
256
8266
4
8268
8269
0
0
235
196
0
8275
0
225
256
8279
0
0
0
0
1
0
0
8287
124
0
0
8291
8292
195
8294
0
1
0
0
257
0
8301
233
0
0
0
0
0
8308
233
0
0
8312
1
0
0
0
8317
8318
0
0
1
8322
0
0
233
260
8327
0
3
0
8331
0
196
0
8335
0
0
0
8339
0
233
8342
267
0
205
1
0
198
257
1
8351
8352
8353
261
0
8356
0
0
0
8360
234
8362
8363
0
0
241
8367
0
8369
0
0
0
0
8374
1
0
0
8378
230
251
0
0
8383
0
0
0
0
243
258
0
0
0
0
0
0
0
0
0
0
237
0
0
269
8404
0
210
8407
0
1
253
0
8412
198
8414
0
254
0
8418
0
2
0
1
269
0
0
219
8427
186
0
0
0
0
0
8434
0
8436
218
0
0
0
8441
0
0
0
8445
8446
0
0
0
8450
0
0
8453
0
186
1
0
0
0
212
8461
0
8463
0
1
0
0
0
0
242
128
0
0
0
236
8476
8477
0
0
0
265
0
8483
0
0
0
0
3
0
0
2
0
237
0
0
258
8497
202
8499
0
0
203
0
187
8505
8506
0
0
0
0
0
2
0
0
0
0
0
233
0
0
0
0
1
0
8525
0
0
0
0
8530
0
8532
0
0
0
0
8537
266
8539
0
8541
8542
0
8544
0
203
0
211
227
0
0
231
0
244
268
1
0
0
0
259
0
0
8563
8564
0
245
8567
0
254
8570
8571
0
2
1
0
0
1
8578
0
0
0
0
0
8584
197
2
0
0
0
269
0
0
0
0
0
0
0
3
8599
8600
0
0
0
0
0
1
0
232
8609
0
0
0
8613
229
257
232
0
0
0
209
218
0
1
0
0
2
0
0
8629
213
0
0
2
280
0
0
8637
260
0
0
0
0
0
0
2
8646
0
210
0
0
8651
8652
0
1
199
229
0
249
0
0
234
8662
201
231
0
0
0
249
256
260
8671
0
282
0
0
0
0
0
0
0
0
0
8683
8684
0
219
0
234
0
0
0
0
0
0
0
201
8697
8698
0
0
0
1
0
0
1
8706
213
8708
8709
8710
0
8712
274
0
1
202
0
262
284
220
0
245
0
8724
0
8726
0
0
274
0
8731
8732
0
0
234
202
2
0
247
215
0
0
263
0
0
0
0
0
0
0
8751
0
8753
252
0
0
0
8758
0
0
8761
222
0
0
0
8766
263
0
8769
286
0
0
8773
0
8775
253
0
0
0
0
0
0
239
239
0
0
0
215
8789
287
0
0
0
0
0
234
0
7
0
0
2
244
244
0
1
0
8807
8808
8809
8810
0
0
8813
212
0
1
0
0
267
0
8821
8822
0
0
0
8826
0
217
204
0
0
261
0
269
1
245
0
0
0
216
217
0
268
0
245
1
0
0
256
0
213
0
0
0
2
8856
0
247
288
236
270
8862
257
219
0
144
144
0
144
8870
0
219
0
8874
0
0
262
1
8879
0
0
0
213
0
8885
0
0
2
8889
0
0
0
0
0
8895
0
4
0
146
2
1
1
0
0
213
8906
0
0
0
249
8911
8912
214
0
8915
0
221
0
0
0
0
8922
0
0
8925
8926
8927
0
0
0
8931
0
0
0
8935
226
8937
0
0
226
0
0
0
255
223
0
8947
8948
0
8950
0
0
1
0
271
294
0
0
8959
0
0
0
0
287
214
272
1
287
0
8970
8971
222
251
0
0
0
3
253
0
0
150
1
0
8984
8985
1
0
0
0
0
8991
0
1
0
290
8996
0
0
0
0
9001
9002
0
0
2
0
0
0
0
249
0
0
233
0
0
0
0
9018
9019
0
0
0
286
9024
0
0
266
276
0
0
0
0
0
0
9035
9036
277
0
250
0
152
0
0
9044
0
1
245
259
9049
9050
234
0
152
1
1
9056
0
0
0
0
257
222
9063
0
0
0
0
0
289
0
0
0
0
9074
0
0
250
9078
1
0
0
0
9083
0
0
0
2
9088
9089
0
0
0
153
1
9095
9096
0
0
0
0
9101
9102
1
216
0
0
0
9108
2
0
9111
0
0
256
2
233
3
9118
230
0
0
0
9123
9124
0
0
9127
0
0
0
9131
1
0
251
0
0
0
0
260
0
9141
0
0
0
251
0
0
0
285
0
9151
9152
0
0
285
1
9157
1
0
0
0
1
0
0
0
259
9167
0
254
0
270
0
0
0
236
0
0
0
0
0
0
0
1
9184
0
0
279
1
0
2
0
9192
9193
254
0
1
0
9198
0
271
0
0
0
9204
234
0
0
0
9209
0
0
9212
261
0
9215
0
287
0
237
0
219
2
0
0
0
9226
0
279
0
0
1
282
0
263
0
0
252
9238
1
269
0
9242
256
0
0
0
0
9248
0
295
9251
0
9253
0
284
0
0
0
285
2
9261
272
272
9264
1
0
0
0
0
0
0
0
0
270
0
3
0
0
1
288
0
0
0
9284
0
0
231
266
283
0
0
0
0
3
233
0
1
0
0
9300
223
0
0
0
9305
0
0
272
9309
9310
257
0
248
0
0
0
1
0
0
0
0
0
9323
0
0
2
225
268
1
0
0
0
0
9334
1
0
9337
0
9339
9340
1
9342
311
9344
0
9346
0
4
9349
0
0
0
268
0
0
234
9357
299
0
0
0
2
250
9364
9365
0
0
0
9369
9370
0
0
9373
0
0
0
305
223
2
2
237
278
0
1
0
314
9387
293
0
2
0
9392
0
0
270
0
0
9398
9399
0
0
0
9403
9404
0
9406
272
0
0
0
0
9412
0
0
272
9416
0
270
223
0
0
0
9423
223
277
0
0
0
1
9430
0
0
250
0
251
0
9437
0
316
224
9441
9442
0
0
0
0
0
1
9449
0
0
0
0
0
239
9456
0
0
0
0
0
0
9463
0
1
0
297
9468
0
0
0
0
0
169
278
9476
0
0
251
0
267
267
240
0
9485
0
0
305
0
0
261
0
9493
9494
9495
1
267
0
233
0
0
292
0
0
0
4
9507
0
0
9510
9511
293
0
0
243
0
0
2
0
0
9521
0
0
0
1
0
0
0
262
0
255
0
244
0
282
262
9537
0
0
254
0
0
0
306
9545
3
241
0
0
9550
0
0
9553
9554
9555
0
0
275
9559
0
0
0
0
9564
0
254
0
0
0
4
9571
0
9573
0
9575
272
242
272
9579
0
0
0
267
0
0
295
9587
249
242
9590
0
0
9593
276
1
0
285
0
246
248
243
9602
0
2
9605
9606
0
0
284
0
9611
0
1
9614
0
323
0
2
9619
9620
9621
1
0
309
0
1
0
1
0
9630
0
0
0
9634
0
2
249
9638
0
0
259
9642
9643
0
0
0
0
1
0
0
0
0
9653
249
0
179
0
268
323
303
0
271
0
9664
286
271
0
0
0
0
1
0
0
277
0
268
0
1
286
0
9681
0
231
0
9685
320
0
0
0
0
0
327
9693
251
261
301
9697
0
0
0
0
2
9703
0
1
0
9707
0
1
304
9711
9712
1
1
9715
9716
0
0
234
271
252
1
0
0
304
0
322
313
0
9730
0
273
288
0
181
287
0
0
9739
0
0
9742
0
181
281
0
0
9748
0
0
9751
0
0
9754
0
0
0
0
9759
9760
9761
0
0
0
9765
0
285
0
0
254
0
282
0
0
0
1
0
0
0
9780
0
0
9783
0
0
0
0
279
0
0
0
9792
9793
2
0
255
0
0
0
0
9801
0
0
0
9805
9806
9807
0
0
9810
9811
9812
0
0
9815
0
0
0
1
0
0
0
0
2
0
264
0
1
0
9830
0
0
9833
318
9835
0
9837
9838
1
0
1
0
0
9844
0
1
0
334
0
0
9851
0
1
0
0
312
9857
9858
312
1
9861
0
0
9864
0
0
0
252
0
0
0
0
0
0
0
9876
1
0
0
280
335
0
0
187
302
267
335
9888
0
4
261
0
9893
1
9895
9896
295
0
9899
0
9901
285
0
0
0
0
0
268
299
9910
282
0
9913
0
313
0
0
261
0
0
0
9922
327
313
0
0
9927
2
0
0
9931
1
0
0
0
0
0
0
292
0
0
9942
0
266
0
0
9947
295
0
9950
0
9952
0
0
2
9956
9957
297
9959
269
3
0
0
0
9965
9966
274
0
288
9970
0
0
0
263
0
0
0
9978
9979
0
0
283
9983
244
0
0
297
9988
0
0
272
0
9993
0
9995
296
3
0
0
0
0
266
0
253
10005
10006
0
0
245
10010
1
0
0
266
3
0
0
306
0
306
0
1
0
323
264
0
289
0
10029
10030
10031
2
278
0
267
1
299
0
0
192
10041
10042
0
0
0
0
299
0
10049
2
10051
0
324
10054
0
0
0
0
10059
10060
0
2
268
10064
0
0
10067
342
0
0
10071
10072
0
0
0
0
277
10078
317
0
325
0
1
10084
0
1
257
0
300
0
0
10092
10093
0
1
194
279
0
0
3
0
0
0
0
10105
10106
291
299
10109
0
0
10112
10113
281
10115
0
0
0
0
10120
0
0
10123
0
267
2
282
0
10129
10130
294
0
0
0
5
1
293
2
3
329
0
293
195
0
10145
4
10147
318
0
0
1
0
0
10154
300
10156
196
0
0
3
0
0
0
0
10165
283
10167
0
0
10170
0
4
10173
300
0
300
0
0
0
259
10181
0
4
284
0
0
0
0
1
302
0
258
0
0
1
0
2
0
0
10200
0
0
0
0
0
10206
0
0
0
10210
0
199
10213
0
10215
0
0
273
0
323
0
10222
0
10224
0
0
0
0
0
10230
2
10232
1
10234
10235
0
0
1
0
10240
0
291
0
0
0
200
0
1
287
274
0
331
0
250
0
1
10257
0
0
10260
0
10262
0
0
0
10266
0
0
0
272
0
201
315
10274
0
1
10277
0
0
0
0
0
10283
0
10285
313
0
10288
0
331
316
292
10293
2
0
1
10297
0
10299
1
265
281
278
0
0
0
0
0
10309
0
0
0
0
285
0
0
10317
0
0
2
0
0
10323
0
0
285
265
265
0
0
0
202
0
10334
0
10336
10337
0
0
0
293
0
343
1
0
3
0
2
255
287
304
307
0
0
277
327
10357
0
0
0
2
0
0
0
204
2
10367
351
0
0
288
0
306
0
10375
0
10377
0
10379
312
0
10382
0
2
10385
10386
3
10388
10389
2
0
0
10393
312
0
0
1
0
0
331
10401
0
0
10404
331
10406
0
0
0
0
0
0
2
2
0
331
10417
0
0
10420
0
0
10423
10424
0
306
0
1
0
0
0
2
0
10434
10435
0
0
0
0
0
10441
10442
0
0
347
306
0
0
331
10450
0
0
0
0
0
306
268
316
0
1
0
10462
0
0
1
0
0
0
10469
10470
0
10472
0
0
2
0
0
1
0
0
0
10482
0
2
10485
0
10487
0
0
298
261
0
333
0
284
0
0
284
0
0
10501
0
0
10504
0
0
0
316
10509
1
0
10512
0
0
270
10516
317
10518
0
0
334
0
10523
10524
0
0
10527
0
0
0
290
0
0
313
10535
0
0
1
313
10540
0
0
10543
0
0
0
0
265
0
10550
0
0
0
0
10555
356
0
0
0
1
265
0
1
1
0
0
0
321
10569
0
0
0
0
10574
357
287
0
273
0
10580
1
10582
3
331
10585
10586
0
0
1
296
319
0
315
0
10595
10596
0
0
0
10600
0
336
0
0
0
322
10607
10608
0
268
0
10612
321
0
0
10616
0
0
10619
0
0
0
302
0
10625
10626
322
0
10629
0
10631
10632
0
315
10635
0
340
0
0
1
0
10642
10643
322
10645
340
2
0
0
0
2
0
340
0
0
0
0
0
10659
323
0
0
0
0
0
0
0
10668
10669
10670
10671
0
0
10674
0
0
10677
10678
0
0
0
0
0
0
10685
0
0
326
0
1
361
10692
324
0
0
2
312
323
10699
0
1
10702
0
0
3
298
0
0
1
0
10711
0
0
0
270
0
344
0
1
306
10721
0
10723
0
0
362
0
0
10729
328
324
0
0
0
0
0
345
0
0
0
10741
10742
10743
0
329
340
0
10748
292
300
10751
0
0
317
10755
0
0
331
0
278
1
0
363
0
278
307
0
0
347
1
0
0
301
0
10775
1
10777
0
0
300
0
0
347
0
0
0
0
10788
0
10790
0
0
0
10794
3
1
0
0
0
0
0
10802
10803
0
0
0
10807
10808
0
10810
2
2
3
0
0
10816
0
0
0
0
0
0
318
10824
304
318
331
10828
10829
317
10831
0
0
0
0
0
0
0
10839
10840
0
217
0
347
326
0
10847
1
0
339
2
0
0
10854
10855
334
314
282
0
326
0
1
319
0
1
0
310
0
10869
0
351
0
0
0
10875
1
0
0
2
0
0
0
10883
0
0
0
328
0
10889
336
0
10892
1
0
0
0
0
10898
0
10900
10901
0
0
0
311
0
307
0
285
0
314
340
0
0
314
10916
301
10918
0
338
10921
0
10923
10924
0
308
283
0
0
0
368
10932
0
0
333
368
10937
10938
0
1
0
0
0
0
10945
0
339
10948
0
1
10951
10952
1
10954
4
10956
0
320
10959
10960
0
357
10963
1
0
301
284
0
341
331
10971
339
4
0
340
279
1
286
10979
10980
0
0
325
0
0
0
10987
0
311
1
0
0
1
0
1
342
0
280
0
0
0
11002
2
0
11005
359
11007
321
374
11010
0
11012
0
320
1
11016
0
0
0
286
2
0
1
307
0
320
0
0
316
0
0
0
338
0
353
0
0
0
0
0
2
11042
2
11044
0
0
0
0
319
364
335
11052
1
339
11055
0
0
0
0
344
0
0
0
4
11065
335
0
0
11069
0
0
0
3
3
11075
11076
0
1
0
11080
339
1
0
11084
0
0
11087
0
362
11090
0
11092
0
0
11095
0
11097
372
344
0
0
11102
11103
11104
11105
0
0
0
11109
0
331
11112
0
11114
0
0
1
0
0
0
0
0
283
0
0
347
0
0
0
325
0
0
0
294
0
2
2
11138
11139
0
0
0
0
11144
0
287
0
291
0
0
0
0
0
325
338
11156
379
0
0
0
11161
0
0
0
11165
0
0
11168
0
229
11171
11172
0
11174
11175
0
11177
0
0
0
11181
0
0
0
11185
2
0
231
320
326
0
0
292
369
0
1
353
0
0
342
0
0
1
0
0
0
11207
0
0
11210
0
0
0
0
0
11216
378
0
1
0
2
11222
369
1
2
3
11227
0
232
0
0
11232
0
351
11235
1
0
0
11239
325
11241
11242
11243
299
289
327
0
326
11249
0
0
326
0
2
0
0
370
11258
0
317
11261
0
0
11264
0
0
0
329
0
0
331
347
11273
352
0
11276
0
0
0
11280
0
357
314
11284
0
0
11287
11288
357
11290
1
0
11293
372
295
338
0
0
11299
11300
0
0
327
315
318
11306
295
0
348
0
1
0
0
0
0
0
0
0
0
339
296
0
0
0
1
0
332
2
0
374
11331
11332
0
0
11335
0
0
11338
0
0
374
0
0
0
349
11346
11347
0
0
0
0
385
235
0
1
0
1
0
11359
11360
1
11362
0
375
0
352
0
11368
0
0
11371
0
0
1
334
0
375
0
2
11380
0
349
0
0
11385
11386
2
0
0
0
353
11392
0
0
0
0
0
1
353
11400
2
0
0
0
11405
349
0
0
235
3
332
0
0
2
332
339
332
2
0
0
0
0
349
0
0
11426
0
0
11429
0
0
0
0
11434
0
1
320
396
362
11440
11441
0
1
0
11445
0
0
3
0
11450
11451
11452
0
0
11455
0
0
0
11459
0
338
0
296
0
354
0
236
0
11469
0
0
0
0
366
0
0
385
0
0
0
11481
11482
11483
0
0
0
0
0
0
11490
11491
0
11493
0
11495
0
0
2
11499
0
11501
11502
11503
0
339
343
325
390
2
0
0
0
0
322
1
0
11517
0
0
11520
0
11522
0
11524
0
0
11527
0
11529
0
0
327
0
381
0
0
11537
11538
0
365
1
0
0
11544
11545
11546
0
0
3
0
0
367
305
0
0
331
362
344
0
400
0
0
0
11564
11565
0
0
0
0
365
11571
0
0
0
0
356
0
336
0
11580
11581
0
0
11584
11585
0
0
0
0
0
0
0
344
1
336
0
0
0
0
11600
0
348
0
0
0
0
0
1
11609
0
0
11612
0
0
345
0
1
240
0
11620
11621
0
0
3
0
0
349
0
0
11630
0
357
401
340
395
11636
3
11638
0
11640
1
346
396
0
1
0
346
0
0
0
355
1
368
11654
0
319
368
386
0
0
0
355
0
0
0
0
2
348
308
0
11671
0
359
1
11675
397
348
0
2
0
0
11682
0
0
0
0
2
0
0
0
0
11692
0
3
11695
11696
0
11698
11699
11700
1
11702
0
332
4
0
357
11708
0
0
0
0
0
0
11715
0
0
322
11719
0
0
0
0
0
0
0
0
11728
0
0
11731
0
348
351
351
0
11737
11738
374
0
11741
0
0
11744
0
0
333
403
1
0
11751
378
0
0
0
364
0
1
0
0
375
0
333
345
348
0
2
366
11769
1
0
0
0
1
0
0
0
368
398
0
304
0
11783
351
362
409
1
0
11789
0
0
0
0
0
366
0
366
334
1
0
11801
376
0
0
0
350
340
0
2
11810
0
11812
0
4
0
11816
0
0
0
0
0
0
11823
327
11825
0
0
0
342
2
353
0
354
369
0
1
355
0
350
0
0
363
0
11844
0
11846
0
377
0
343
2
0
345
0
316
0
0
3
351
11860
11861
371
412
2
0
0
0
11868
11869
0
1
0
0
0
0
0
0
0
0
356
1
330
0
0
410
11886
410
1
1
1
0
0
355
0
3
11896
354
0
0
11900
11901
0
4
4
0
0
0
11908
0
0
0
394
251
0
3
0
0
0
337
1
11921
3
0
403
0
0
0
0
251
0
4
3
11933
0
0
0
1
11938
11939
0
0
0
346
0
1
0
387
0
0
387
405
0
0
348
0
11956
0
2
11959
3
0
361
1
0
1
11966
0
0
11969
11970
0
11972
0
0
374
0
361
0
0
349
0
388
0
0
361
0
0
11988
0
357
11991
0
11993
0
11995
322
0
11998
11999
1
0
2
362
356
12005
0
0
387
362
0
0
357
0
0
0
12016
360
12018
0
0
12021
0
0
323
0
338
0
388
12029
1
6
417
0
3
0
0
362
0
12039
0
12041
0
12043
0
0
0
0
255
0
0
1
0
339
0
0
12056
0
0
336
0
12061
0
0
0
0
0
0
12068
12069
364
0
0
12073
0
0
0
12077
0
0
12080
3
422
0
0
12085
12086
0
1
1
0
0
366
0
4
0
12096
0
12098
12099
1
353
3
366
0
366
0
379
0
391
0
12111
363
0
0
0
0
0
0
3
0
0
0
0
1
0
0
336
0
0
0
12131
0
0
0
317
0
327
0
0
2
12141
383
345
12144
12145
361
2
0
0
3
2
258
0
0
0
0
0
0
0
0
1
1
12163
366
4
0
0
12168
0
0
0
258
0
380
0
0
0
0
427
0
12181
1
0
361
371
0
0
1
0
0
380
385
12193
0
12195
393
0
12198
0
0
0
0
343
1
0
365
3
1
386
12210
0
0
0
0
343
366
0
0
1
386
0
385
0
0
0
349
0
12228
1
0
12231
342
366
12234
0
12236
362
0
12239
0
0
0
1
0
366
4
0
0
0
0
430
12252
0
12254
0
358
0
0
12259
12260
400
386
0
0
12265
1
0
344
0
12270
0
12272
0
344
0
0
387
4
384
0
0
0
12283
351
0
0
360
0
374
385
3
2
12293
3
12295
12296
0
1
2
0
0
0
0
2
12305
0
0
0
12309
0
12311
0
12313
4
2
0
0
1
12319
0
12321
0
0
352
265
12326
12327
1
0
361
0
0
1
396
0
0
395
402
419
12340
12341
12342
0
12344
12345
0
12347
2
353
0
396
12352
0
12354
0
0
369
0
0
0
1
0
0
0
0
0
3
0
420
391
0
365
0
0
12375
379
0
0
0
2
0
12382
0
350
266
0
388
12388
0
0
0
0
0
0
0
12396
0
0
0
12400
0
12402
0
12404
12405
0
0
12408
12409
12410
0
0
0
0
330
1
0
0
353
353
2
12422
0
0
0
0
266
1
372
0
0
12432
12433
399
12435
0
12437
12438
0
12440
0
0
330
421
0
5
0
372
12449
0
424
0
0
0
12455
12456
374
0
0
0
0
0
0
0
400
12466
1
0
12469
0
0
0
12473
388
0
2
0
12478
0
0
0
0
0
12484
12485
0
0
12488
374
427
0
371
0
0
0
12496
357
0
12499
0
3
0
371
0
333
438
0
12508
12509
12510
0
0
0
0
388
0
0
0
0
0
12521
383
12523
405
0
0
4
1
12529
1
12531
12532
0
12534
2
12536
0
12538
0
12540
0
0
0
0
0
12546
0
0
0
0
12551
12552
12553
427
0
1
0
0
0
274
1
407
1
12564
0
1
12567
12568
2
12570
440
0
344
388
0
0
337
2
0
0
0
1
356
0
375
3
0
0
396
445
0
12592
0
1
388
0
0
12598
0
0
388
0
355
0
0
0
357
0
12609
0
0
0
12613
0
12615
1
0
0
0
0
388
12622
0
0
0
12626
0
431
12629
380
0
12632
4
0
388
0
431
0
407
0
12641
0
12643
0
0
0
12647
0
12649
398
0
2
0
1
0
0
12657
0
12659
0
0
0
3
0
12665
347
12667
1
0
0
0
0
0
358
0
12676
0
0
338
1
0
0
12683
0
0
6
0
0
363
0
0
0
0
12694
12695
12696
12697
12698
12699
0
1
376
0
12704
0
0
2
338
407
1
12711
0
363
432
0
0
2
12718
4
0
0
0
2
1
0
12726
0
0
359
0
12731
0
417
2
392
12736
12737
0
0
341
0
386
0
0
0
12746
4
423
360
0
0
0
0
0
12755
12756
0
12758
1
0
0
0
436
365
0
0
12767
12768
0
353
0
0
0
0
0
12776
360
1
452
0
0
423
423
3
0
2
0
1
0
12790
436
0
0
12794
383
2
0
0
0
0
404
0
2
12804
0
439
387
355
2
12810
421
439
1
0
1
0
411
0
0
355
0
387
12823
0
385
0
386
0
0
0
0
453
355
2
12835
0
0
0
0
12840
0
453
0
355
12845
386
0
0
0
0
0
12852
12853
0
0
0
425
2
0
0
0
440
0
12864
0
0
1
455
12869
12870
0
0
0
414
0
402
5
0
397
0
0
1
1
0
0
0
387
355
457
0
12891
0
12893
0
12895
0
0
1
356
0
427
0
0
0
12905
0
12907
12908
12909
0
0
12912
12913
12914
0
0
362
12918
0
0
0
356
0
1
12925
392
418
388
3
0
0
0
0
0
12935
2
0
0
0
12940
0
0
396
12944
0
0
2
429
2
370
12951
12952
0
0
12955
0
0
285
0
2
390
0
0
0
12965
0
0
12968
0
0
1
0
0
0
12975
12976
12977
0
1
410
0
12982
12983
411
365
400
6
0
0
2
0
12992
411
392
0
1
12997
0
1
0
0
0
0
0
13005
0
13007
0
13009
460
0
13012
428
13014
372
0
0
446
13019
0
1
372
0
421
1
0
2
13028
421
13030
0
456
13033
372
13035
0
413
0
0
0
2
0
0
0
0
0
1
400
13049
290
0
369
13053
13054
0
0
13057
0
13059
0
404
423
13063
375
13065
430
13067
423
0
0
0
0
13073
0
0
0
0
0
0
13080
13081
13082
0
446
13085
0
426
13088
0
13090
0
0
0
13094
0
0
0
13098
0
3
13101
396
3
432
0
418
0
13108
13109
0
0
399
13113
0
434
424
13117
424
0
13120
0
0
13123
376
0
434
13127
13128
0
0
0
0
1
2
0
0
402
0
0
3
0
426
13143
447
415
0
432
399
13149
0
13151
0
0
13154
0
0
1
432
0
0
0
0
0
1
400
367
447
425
415
0
0
13172
13173
403
0
0
13177
13178
0
8
13181
0
13183
0
0
0
0
13188
0
0
0
0
1
1
0
0
13197
0
3
13200
0
0
0
418
13205
0
0
0
0
396
13211
2
13213
359
0
0
0
472
0
0
13221
404
404
0
0
13226
0
0
399
1
0
0
13233
0
1
0
0
0
13239
13240
13241
1
13243
13244
0
2
0
0
400
415
472
0
13253
13254
437
3
0
0
437
449
13261
408
430
408
0
408
13267
0
2
0
0
0
0
13274
0
374
420
13278
0
13280
13281
2
408
13284
1
473
459
0
402
459
13291
0
0
0
13295
405
0
0
13299
0
13301
0
13303
406
0
0
0
13308
0
0
0
374
0
0
0
0
13317
453
13319
0
13321
475
0
0
13325
0
13327
0
1
1
0
362
431
3
0
442
0
13338
374
405
0
13342
13343
0
430
407
13347
0
0
13350
13351
0
0
0
465
0
13357
0
0
0
406
0
382
3
0
0
13367
0
376
405
0
0
0
0
0
0
405
0
0
13380
0
383
0
4
455
406
0
13388
13389
413
0
0
0
2
4
466
406
13398
422
0
13401
0
0
444
0
1
0
0
385
13410
0
0
1
13414
0
0
4
0
0
0
0
0
0
0
2
0
1
0
0
447
1
0
0
2
0
0
0
0
13439
0
1
13442
0
0
0
0
0
13448
13449
0
0
5
0
0
13455
13456
0
0
0
13460
0
0
13463
0
13465
0
431
13468
415
429
479
13472
0
0
3
13476
0
0
0
0
1
13482
0
0
0
0
13487
1
0
0
0
0
13493
13494
0
13496
1
410
13499
0
386
13502
0
0
0
0
0
13508
388
0
0
0
0
0
415
0
0
0
0
393
431
13522
13523
411
0
13526
305
416
0
13530
0
0
0
13534
13535
13536
0
0
0
0
0
13542
13543
431
391
466
0
411
416
13550
13551
0
0
0
366
0
2
13558
366
0
13561
0
0
0
0
13566
418
13568
0
388
394
0
393
417
411
13576
13577
0
1
0
13581
13582
0
0
0
412
0
0
419
1
0
0
417
0
0
0
0
0
0
3
13601
13602
13603
13604
0
411
1
390
13609
0
13611
313
0
0
0
0
4
3
0
2
4
0
1
0
13625
0
0
0
474
13630
0
0
0
395
13635
0
2
0
0
13640
13641
13642
0
13644
391
0
0
0
0
13650
0
0
0
0
0
313
0
2
444
0
313
0
0
0
13665
13666
394
462
1
0
13671
13672
431
394
396
13676
3
13678
418
0
0
0
13683
0
436
0
1
13688
418
0
0
0
418
418
0
446
13697
457
0
457
0
0
0
13704
0
0
438
13708
0
0
1
13712
0
0
13715
459
13717
315
1
1
13721
2
0
1
13725
13726
446
0
0
0
0
13732
0
394
0
0
0
468
0
0
435
0
0
0
0
425
445
1
0
1
0
13752
1
0
13755
0
0
447
0
13760
0
4
0
1
13765
0
13767
0
0
446
490
13772
13773
13774
13775
0
0
317
470
13780
0
0
13783
0
0
0
0
13788
0
13790
0
13792
6
5
317
0
0
0
0
13800
0
0
401
1
0
4
0
13808
478
13810
13811
424
0
429
0
0
0
0
13819
0
446
0
13823
13824
0
449
13827
1
0
318
0
0
0
13834
428
1
13837
446
0
492
0
0
13843
13844
13845
3
481
1
0
0
0
0
0
0
492
403
0
452
0
380
430
13862
0
13864
0
13866
0
13868
13869
0
0
0
0
430
13875
2
13877
1
3
405
430
2
1
6
0
0
0
320
13889
468
13891
0
381
13894
0
13896
476
431
405
429
441
13902
454
1
0
427
3
468
13909
0
454
0
0
0
13915
0
2
0
0
477
13921
0
0
0
0
429
429
431
428
0
0
0
0
0
406
450
0
0
0
0
0
0
13943
406
0
0
2
13948
0
13950
13951
13952
430
13954
0
0
13957
0
0
1
13961
1
13963
0
13965
0
472
13968
0
428
0
0
0
13974
0
13976
0
3
430
1
0
13982
0
390
0
13986
498
391
2
0
13991
488
2
0
0
13996
0
13998
13999
0
14001
489
0
455
474
2
0
0
0
404
0
14012
434
0
14015
0
14017
431
14019
0
0
0
1
0
0
0
14027
0
0
1
0
0
0
0
0
0
0
14038
0
0
0
14042
0
435
0
473
0
0
0
14050
436
1
491
14054
0
404
14057
0
0
0
14061
0
456
1
14065
328
0
0
0
14070
457
0
14073
0
436
329
450
0
0
0
476
0
1
14084
0
14086
2
1
436
0
0
494
0
14094
1
0
14097
0
406
0
0
14102
3
407
2
14106
14107
0
14109
1
14111
14112
450
7
0
0
450
0
0
0
0
0
0
0
475
14126
0
407
0
0
0
416
436
0
14135
415
437
14138
14139
0
503
0
0
14144
0
0
478
0
476
487
0
0
0
3
0
0
0
0
14159
14160
0
0
0
0
0
14166
463
459
418
0
1
2
14173
451
437
14176
0
0
0
14180
14181
489
14183
0
0
464
440
14188
334
14190
0
0
454
490
14195
0
0
0
14199
0
0
0
0
14204
1
0
0
14208
441
1
0
0
0
0
0
460
440
0
0
443
435
0
0
2
14225
14226
14227
14228
453
0
0
0
14233
0
0
0
0
0
0
435
0
0
0
0
443
14246
0
0
14249
0
1
0
444
0
0
1
506
14258
14259
2
14261
0
0
0
14265
423
14267
443
0
412
0
0
1
0
14275
3
477
0
0
0
14281
3
14283
1
0
0
0
0
0
0
0
0
0
14294
0
0
0
439
0
479
445
0
0
0
14305
0
0
0
446
0
14311
0
503
0
0
0
0
2
442
405
0
0
14323
14324
0
0
0
4
0
0
0
0
0
0
444
0
0
14338
0
14340
1
0
0
0
0
415
0
338
0
14350
0
339
0
1
0
14356
14357
504
14359
0
447
14362
14363
0
14365
0
2
445
14369
0
1
0
0
0
0
0
447
0
475
0
0
0
14383
0
430
14386
0
0
504
3
0
0
487
0
0
0
448
14398
14399
461
440
14402
484
0
0
0
0
0
416
0
0
0
14413
14414
0
485
0
14418
14419
0
0
0
14423
3
0
490
0
462
0
0
487
0
448
0
0
0
0
14438
450
0
14441
0
0
0
477
512
0
0
2
3
0
0
14453
14454
14455
1
14457
0
448
0
0
3
0
0
0
0
0
14468
0
0
0
0
0
14474
0
0
0
0
0
0
0
444
0
0
14485
0
0
412
4
0
0
0
14493
469
14495
1
0
0
0
492
0
0
0
0
494
0
344
0
1
14510
14511
6
4
468
0
14516
0
14518
0
0
0
0
7
14524
1
14526
1
0
14529
0
480
0
430
496
1
0
0
2
0
14540
482
0
0
0
0
0
0
0
0
0
0
0
14553
453
2
14556
453
0
14559
430
2
1
0
14564
500
5
0
450
0
0
0
480
454
415
0
1
0
0
489
466
0
0
8
450
0
0
14587
0
0
0
0
0
2
0
1
0
0
0
0
0
14601
1
1
0
14605
0
14607
433
14609
425
437
14612
14613
0
0
0
0
0
0
0
14621
0
14623
455
0
451
14627
4
14629
0
455
0
0
0
0
8
14637
0
0
3
0
488
1
0
14645
14646
453
0
14649
442
3
0
0
0
448
14656
474
0
0
14660
0
0
451
438
0
437
0
14668
14669
0
14671
1
0
0
0
0
4
14678
0
0
3
0
456
0
0
0
448
14688
0
0
444
0
0
14694
0
0
0
3
0
2
0
2
441
1
4
0
1
14708
441
14710
14711
452
0
2
2
0
14717
471
1
14720
0
0
439
0
490
522
0
14728
0
0
14731
14732
490
0
487
0
0
14738
4
0
446
0
2
419
14745
0
4
0
498
446
0
431
4
1
1
0
510
14758
14759
3
0
0
0
3
419
0
0
461
0
0
0
503
461
14774
0
14776
504
0
0
0
14781
1
0
0
14785
433
1
3
0
0
0
0
14793
0
489
0
2
14798
0
0
14801
3
0
0
14805
14806
14807
14808
0
0
0
504
14813
449
0
0
0
0
14819
14820
462
421
0
0
0
490
0
2
0
2
358
0
0
452
447
0
14837
1
471
505
436
0
493
0
0
483
0
504
0
14850
510
14852
1
0
0
0
0
0
0
0
14861
0
0
0
0
14866
14867
2
0
0
527
3
0
0
2
0
477
0
14879
0
0
527
452
0
0
462
461
0
507
0
0
14892
486
3
0
452
14897
439
459
508
0
0
0
0
496
3
0
0
0
14910
2
0
0
508
0
458
0
0
1
0
0
14922
458
2
496
14926
14927
14928
1
0
0
14932
0
0
14935
0
361
0
462
0
0
14942
0
0
0
14946
0
14948
0
0
14951
14952
2
14954
0
0
14957
0
14959
0
0
529
441
14964
463
2
0
491
0
0
0
14972
5
0
14975
483
0
468
2
457
14981
515
0
0
0
484
0
0
468
0
0
1
0
0
0
3
1
0
14999
464
0
462
1
0
0
533
0
0
15009
457
0
2
15013
0
515
0
0
15018
0
0
0
15022
0
15024
516
0
0
0
0
0
0
0
0
15034
458
15036
433
15038
15039
2
0
364
455
0
15045
494
465
459
0
4
15051
364
512
460
15055
503
1
0
0
0
0
0
1
4
0
0
477
2
15069
0
15071
0
0
1
0
0
1
0
0
15080
0
15082
15083
1
15085
0
0
15088
15089
15090
0
0
1
15094
0
0
514
1
5
15100
0
0
0
479
471
15106
489
467
0
0
0
15112
453
15114
15115
0
0
15118
456
3
0
372
2
0
0
2
0
503
1
471
498
15132
15133
1
0
0
0
15138
0
1
0
1
15143
0
0
0
15147
2
8
0
0
0
0
0
493
0
15157
15158
0
0
0
0
0
521
0
0
0
0
476
1
4
0
0
15174
0
509
0
0
0
1
3
468
0
0
0
1
5
15188
15189
0
15191
461
0
520
494
0
0
380
468
0
534
1
494
0
15205
470
0
15208
510
459
15211
0
0
465
15215
2
458
0
0
0
15221
15222
0
1
0
0
0
3
0
0
526
0
0
0
2
2
0
15238
0
0
0
0
0
1
0
494
494
15248
0
0
473
0
463
1
0
0
538
0
0
510
0
1
0
15264
0
15266
467
15268
0
0
15271
15272
0
481
0
525
15277
3
2
483
0
0
15283
0
0
15286
15287
0
15289
15290
15291
0
15293
497
15295
0
15297
0
530
533
525
0
15303
15304
15305
0
15307
1
513
504
477
15312
4
15314
497
452
461
15318
0
0
0
15322
0
15324
1
500
15327
531
15329
2
0
0
0
0
0
0
0
500
15339
0
15341
0
15343
0
514
0
0
2
15349
15350
0
15352
0
15354
0
15356
0
1
473
15360
0
0
15363
15364
1
8
0
0
15369
1
15371
0
500
0
0
0
530
0
0
2
476
0
15383
486
0
1
466
506
0
4
15391
0
15393
479
1
542
0
15398
0
1
15401
0
0
0
533
15406
3
1
0
477
15411
441
0
0
0
0
0
480
0
501
501
1
544
542
0
544
0
1
0
15430
544
15432
0
455
467
0
0
0
2
0
15441
1
15443
390
489
479
0
0
15449
0
15451
471
0
0
15455
544
544
0
0
15460
0
0
0
3
0
0
0
0
0
15470
1
482
0
0
15475
0
0
476
0
0
0
0
1
1
0
483
15487
0
0
0
0
15492
2
474
0
506
15497
0
15499
15500
478
0
3
518
0
0
15507
2
0
1
0
541
545
15514
2
0
507
0
15519
2
0
0
0
0
1
0
0
15528
540
474
15531
0
15533
541
0
519
15537
0
0
0
395
0
15543
0
509
484
0
541
484
484
0
0
15553
508
549
1
0
498
540
2
0
0
541
0
2
0
2
0
0
0
0
0
0
0
0
0
0
0
15579
0
0
0
0
0
0
0
0
0
482
0
0
0
478
0
0
2
0
15598
0
0
494
15602
486
0
1
521
15607
0
3
0
510
0
15613
0
0
510
2
0
500
1
0
548
0
0
15625
0
15627
15628
0
0
1
447
0
0
0
0
0
0
0
2
487
0
0
482
0
1
491
485
0
513
540
483
0
0
0
0
0
0
485
542
15661
0
1
15664
530
492
4
0
0
0
0
1
0
3
0
542
0
1
0
0
15681
0
544
0
0
15686
0
15688
2
0
0
15692
0
0
0
15696
15697
0
5
517
0
0
484
0
544
15706
0
532
15709
0
0
0
1
0
4
0
0
0
0
515
463
0
0
544
15725
0
2
15728
1
494
15731
0
15733
0
484
15736
15737
403
3
1
0
0
0
1
0
0
4
1
1
0
15751
0
15753
1
0
0
0
15758
0
0
0
0
15763
0
1
1
485
15768
0
554
0
0
480
15774
0
0
1
15778
554
1
0
517
15783
15784
15785
0
15787
0
15789
0
561
0
0
546
1
480
15797
3
0
15800
15801
546
488
0
15805
15806
15807
15808
0
1
0
4
1
15814
0
488
0
2
0
488
1
1
0
0
0
495
1
15828
4
15830
0
15832
0
0
15835
3
15837
0
15839
0
1
15842
554
0
0
0
15847
15848
491
0
554
496
2
0
0
524
2
0
0
15860
469
0
0
547
2
0
0
15868
0
0
0
0
0
15874
15875
0
524
0
15879
0
0
0
492
0
15885
0
0
501
0
1
0
0
482
15894
15895
0
15897
0
0
15900
0
0
0
1
0
0
499
15908
15909
1
15911
0
0
0
501
0
0
0
0
561
0
15922
2
0
0
489
0
15928
550
0
15931
491
2
15934
15935
0
15937
1
0
0
0
0
1
15944
0
553
15947
15948
0
0
460
0
1
15954
551
462
0
15958
0
498
15961
4
15963
0
0
495
551
531
0
0
0
0
15973
0
1
15976
15977
0
0
557
15981
0
0
1
15985
15986
567
15988
557
0
1
0
0
0
0
0
568
554
15999
0
463
552
0
0
0
491
485
0
1
5
558
0
0
0
16015
0
16017
1
16019
0
16021
16022
466
1
0
1
534
466
466
16030
0
0
16033
3
0
0
515
16038
0
564
0
0
16043
16044
0
16046
0
16048
523
3
0
574
467
557
493
486
16057
0
16059
0
0
565
0
557
0
16066
0
488
0
0
555
16072
0
486
0
16076
0
0
16079
16080
0
506
535
0
0
0
4
411
0
1
0
535
1
16094
16095
16096
16097
16098
0
0
1
16102
16103
16104
0
16106
577
0
1
0
0
0
0
500
1
0
0
3
0
500
0
16122
0
0
567
0
16127
0
0
0
16131
3
560
0
16135
414
0
3
0
498
557
538
0
0
0
1
1
0
16149
0
508
0
538
16154
16155
502
569
16158
0
0
560
562
562
0
538
562
0
0
0
0
16171
489
0
1
0
0
0
0
2
0
0
16182
1
0
0
16186
1
0
16189
0
0
16192
16193
580
16195
0
0
0
1
1
0
0
499
0
16205
0
570
490
570
0
0
16212
1
0
16215
0
16217
1
3
0
490
0
0
1
0
16226
1
3
538
16230
0
16232
0
0
0
0
4
568
0
16240
16241
16242
16243
4
1
0
0
16248
16249
16250
0
0
0
16254
16255
0
0
0
0
1
475
2
0
16264
568
0
0
0
16269
16270
0
0
0
0
475
16276
0
16278
16279
539
0
0
0
1
0
1
2
0
0
0
0
0
503
0
16295
0
0
16298
0
0
0
1
0
16304
539
16306
2
16308
1
0
0
0
0
16314
0
0
542
504
4
16320
493
0
0
0
16325
16326
0
2
0
0
16331
0
0
510
0
0
16337
0
16339
1
567
518
0
16344
0
0
0
1
16349
0
0
16352
0
0
0
16356
16357
0
1
16360
0
16362
514
16364
492
0
504
494
0
0
0
0
0
0
16375
0
514
0
0
1
494
504
16383
16384
16385
544
16387
2
0
0
16391
3
0
0
0
0
572
532
16399
0
0
16402
0
0
0
587
0
565
1
0
1
2
510
0
0
0
553
0
0
0
0
572
506
0
16425
0
587
0
0
507
0
16432
0
0
0
2
0
16438
506
508
0
0
0
574
571
0
16447
0
0
0
0
0
499
0
0
16456
0
0
544
496
0
1
16463
16464
16465
0
16467
3
0
0
0
567
16473
16474
16475
535
0
0
0
16480
16481
0
16483
0
16485
0
518
0
510
0
0
1
0
0
16495
16496
0
0
567
2
0
518
569
16504
0
0
0
16508
16509
16510
0
16512
0
523
0
581
16517
0
16519
16520
16521
16522
0
0
0
0
488
6
16529
0
1
16532
510
0
584
517
0
16538
3
16540
0
16542
540
0
0
16546
16547
0
16549
2
0
585
2
520
570
0
4
0
0
16560
0
1
16563
0
0
16566
545
0
16569
16570
0
16572
0
16574
512
549
0
523
0
521
0
0
0
2
550
585
582
1
0
550
0
523
1
0
574
16596
0
523
2
16600
16601
16602
1
0
0
0
1
0
0
0
16611
0
0
549
0
2
0
16618
524
0
0
16622
16623
522
0
3
0
16628
587
0
16631
523
0
551
0
0
16637
0
16639
3
501
0
523
0
16645
1
0
0
3
16650
0
0
0
442
523
0
0
16658
0
578
0
0
0
0
0
1
550
517
519
0
0
0
16673
0
0
16676
0
16678
0
0
0
16682
0
567
515
16686
16687
0
0
599
0
519
16693
0
1
580
0
0
0
0
0
1
16703
16704
0
2
0
16708
588
551
1
516
0
0
528
16716
0
516
16719
0
0
16722
0
0
580
3
16727
524
523
5
0
16732
529
0
0
0
0
16738
0
0
0
4
0
588
520
16746
1
0
589
3
2
548
16753
590
0
0
592
0
0
0
0
0
0
521
0
552
4
578
0
0
0
16772
0
0
0
0
0
16778
0
0
0
0
16783
602
0
16786
1
16788
0
0
16791
0
590
0
524
4
0
16798
553
0
0
0
0
591
16805
584
0
0
16809
0
16811
16812
0
4
0
16816
0
0
0
16820
0
2
581
0
0
0
452
528
0
0
0
1
1
0
0
0
16837
1
0
16840
520
0
0
555
557
16846
0
532
16849
0
0
526
583
531
0
0
16857
593
594
583
16861
4
3
453
0
0
2
0
0
0
4
0
16873
0
525
0
16877
16878
1
0
16881
0
591
0
454
539
16887
1
0
16890
1
0
0
584
525
0
0
584
0
0
0
1
0
0
0
0
0
0
0
16910
16911
3
16913
0
0
526
0
584
0
16920
501
0
0
501
534
0
16927
0
595
0
534
16932
541
535
516
0
3
0
0
0
610
1
16943
16944
3
16946
0
0
16949
0
16951
0
16953
0
0
596
0
16958
16959
0
0
0
0
0
0
0
0
0
0
612
0
16972
530
0
0
0
16977
16978
0
516
16981
0
0
1
563
584
0
0
0
4
0
0
0
1
0
3
0
527
562
17000
0
0
0
0
0
0
0
0
1
0
0
17012
1
0
17015
0
0
1
0
1
0
17022
585
0
0
536
0
17028
0
542
17031
2
0
17034
17035
0
0
0
0
17040
603
0
0
536
0
0
582
0
0
0
17051
2
532
2
0
17056
0
536
1
0
565
0
0
1
531
0
0
0
0
0
0
532
565
0
0
0
17077
566
17079
0
0
538
4
0
0
17086
0
0
17089
17090
0
0
0
0
17095
0
0
17098
0
0
0
567
1
17104
0
607
0
602
0
17110
17111
0
0
17114
522
1
2
3
0
1
1
0
0
0
0
0
0
0
2
3
17131
0
0
3
1
17136
0
17138
1
0
0
533
567
0
0
0
593
17148
0
536
0
622
0
7
0
1
17157
1
2
0
0
608
0
530
0
0
537
17168
0
17170
2
1
0
592
4
17176
1
0
0
3
0
0
0
0
17185
612
17187
0
0
463
0
17192
592
0
3
17196
17197
17198
1
0
546
17202
0
533
544
0
17207
0
538
0
623
2
3
0
0
17216
17217
17218
1
0
0
0
0
2
0
571
1
0
534
0
17231
17232
5
0
538
0
2
611
17239
0
604
0
17243
0
17245
17246
0
17248
0
0
0
0
17253
1
545
2
6
0
0
0
17261
0
17263
0
599
1
17267
17268
0
0
0
0
1
0
0
0
0
0
546
0
0
1
546
1
17285
0
17287
17288
1
0
528
592
0
0
17295
0
0
0
17299
573
17301
0
0
0
574
0
568
574
17309
0
17311
0
0
1
0
0
17317
0
0
609
0
0
615
0
2
0
17327
0
17329
515
0
0
17333
0
6
1
0
0
0
17340
17341
0
0
0
17345
0
0
0
1
17350
0
0
0
0
0
0
0
0
0
616
1
0
0
549
0
17366
0
578
537
0
0
579
0
17374
0
17376
612
0
0
17380
0
0
0
0
0
17386
1
1
0
17390
17391
0
0
0
0
0
0
17398
0
17400
1
2
5
17404
0
0
0
0
0
1
0
0
0
17414
0
0
0
529
0
0
546
0
0
598
0
557
17427
17428
583
557
0
476
606
0
17435
606
0
17438
4
17440
0
0
0
2
1
17446
2
0
0
571
0
551
619
0
17455
549
2
17458
0
0
17461
1
0
17464
17465
0
0
17468
0
0
17471
0
2
0
17475
0
17477
17478
1
0
1
0
583
0
17485
0
536
1
0
17490
0
1
0
17494
0
17496
7
2
606
0
1
562
0
582
0
17506
17507
583
0
553
0
0
0
560
2
0
614
17518
0
0
1
17522
0
0
3
0
0
1
2
17530
561
0
0
0
0
17536
17537
0
540
0
0
563
1
17544
0
0
0
0
0
0
0
17552
540
623
17555
0
0
520
17559
609
17561
549
552
0
17565
17566
2
7
0
0
618
564
0
0
3
0
0
0
552
0
17581
584
0
0
17585
549
0
0
4
623
0
0
0
1
0
0
0
0
0
609
1
521
2
0
0
3
0
0
626
565
0
0
2
0
2
0
17617
7
17619
625
0
0
17623
0
0
17626
0
0
0
2
0
0
1
0
0
1
0
1
17639
0
0
17642
578
1
620
609
5
17648
17649
17650
569
17652
17653
1
17655
0
0
0
0
556
524
17662
1
0
533
4
1
0
2
555
0
0
3
0
0
0
2
533
0
554
0
17682
17683
0
0
0
557
17688
6
4
0
17692
2
0
17695
590
0
0
0
0
0
2
0
17704
2
0
0
489
631
17710
17711
0
17713
590
0
17716
17717
0
0
0
0
591
0
0
0
17726
0
17728
0
603
17731
558
17733
17734
17735
627
1
0
0
0
554
17742
619
0
0
570
17747
0
0
1
0
0
0
0
0
0
17757
534
3
2
1
0
0
0
0
0
0
17768
627
0
0
0
0
619
0
615
0
0
0
0
0
17782
1
0
17785
17786
607
0
1
0
0
0
17793
595
0
594
17797
0
0
0
569
2
0
0
0
541
17807
0
0
0
17811
0
0
0
0
17816
0
594
576
0
0
17822
0
17824
641
17826
594
2
578
593
0
0
1
17834
17835
17836
0
569
17839
17840
585
1
0
17844
0
2
1
0
2
0
557
0
0
0
17855
0
2
17858
17859
17860
17861
1
0
0
566
0
17867
1
0
0
0
17872
0
0
0
2
0
0
0
1
4
0
0
645
0
17886
0
0
0
0
0
570
496
0
0
1
17897
1
594
0
1
0
0
0
17905
646
566
17908
17909
0
0
0
565
0
0
0
17917
0
17919
2
0
0
17923
0
2
0
0
571
0
0
0
17932
0
612
3
0
0
538
0
0
0
17942
0
498
639
626
3
0
0
4
4
647
536
2
4
566
0
0
0
643
0
0
643
0
0
2
613
0
17969
3
596
0
568
17974
1
0
0
568
2
17980
17981
0
638
2
17985
0
0
0
17989
0
1
1
580
0
1
647
613
608
17999
0
18001
1
573
0
0
18006
18007
1
1
0
18011
654
0
570
0
0
18017
611
548
0
654
0
5
627
0
2
0
0
627
0
0
548
18033
18034
18035
644
613
0
0
0
616
18042
655
3
581
3
5
0
0
0
0
1
599
1
0
0
18057
18058
3
18060
0
643
3
0
18065
573
575
3
0
0
0
614
0
617
647
0
1
600
1
18080
0
18082
550
18084
0
3
2
0
18089
0
18091
614
18093
18094
0
645
0
602
573
18100
0
0
18103
646
0
0
551
0
0
0
567
0
1
4
576
18116
658
18118
0
0
18121
0
0
0
570
0
0
0
0
0
0
0
586
18134
18135
660
0
0
18139
0
0
0
18143
0
18145
582
0
614
608
553
0
2
0
0
0
2
1
18158
0
0
18161
0
577
0
18165
652
0
0
619
0
0
0
0
0
0
18176
18177
583
0
2
0
0
18183
1
0
18186
0
18188
0
543
0
0
0
0
0
0
0
0
1
0
0
0
587
0
0
18206
0
0
0
0
0
0
0
576
0
18216
3
0
0
18220
0
18222
3
0
2
0
18227
0
580
18230
545
0
18233
588
0
0
0
0
18239
18240
0
0
0
0
3
653
18247
18248
18249
10
1
0
18253
655
0
612
0
2
0
0
0
653
0
18264
621
18266
0
18268
0
621
0
0
0
2
0
0
18277
2
18279
624
662
18282
0
0
3
559
624
578
1
0
0
0
0
0
18295
598
18297
578
18299
0
0
621
2
3
0
18306
642
0
18309
2
0
0
0
577
0
18316
0
0
3
0
0
591
18323
0
590
0
0
0
666
2
1
0
18333
0
18335
2
0
18338
18339
0
18341
18342
507
18344
662
18346
608
0
507
554
2
507
615
2
0
653
0
508
18359
0
18361
586
0
18364
18365
18366
0
0
0
18370
623
0
1
1
586
0
18377
556
0
550
1
562
18383
618
1
0
580
647
562
0
0
627
0
18394
0
0
574
2
0
0
18401
1
0
672
2
650
0
0
0
0
0
0
18413
557
0
557
4
18418
0
0
18421
5
0
18424
18425
0
0
575
0
1
672
2
3
0
584
18436
0
18438
18439
0
0
650
0
673
0
585
0
18448
0
0
0
1
0
0
0
18456
0
0
0
552
18461
1
661
0
0
0
18467
554
0
18470
652
0
3
612
3
18476
0
599
0
0
1
0
0
18484
585
18486
0
18488
0
18490
676
5
0
0
0
0
0
0
0
0
1
2
0
18504
18505
0
0
0
1
0
18511
0
0
0
585
0
3
0
590
659
1
0
589
1
610
18526
18527
18528
0
18530
1
0
0
0
1
0
0
2
0
0
2
0
511
0
581
0
685
592
638
0
0
0
18553
0
0
0
18557
1
18559
0
3
0
18563
0
18565
0
18567
0
18569
612
0
0
0
3
0
0
0
0
0
0
18581
0
18583
0
18585
0
0
0
18589
4
0
0
18593
2
685
0
1
0
0
0
5
18602
0
0
656
686
0
595
0
18610
1
2
18613
0
3
1
0
592
0
18620
1
0
0
588
0
0
18627
0
0
565
4
0
599
0
0
0
18637
0
0
0
0
587
660
584
0
0
0
1
3
0
5
0
0
18654
3
0
663
0
2
676
683
617
0
18664
0
18666
18667
4
690
1
0
1
0
599
585
0
0
18678
0
3
0
0
2
0
0
0
18687
597
566
684
0
0
0
0
18695
589
0
5
1
589
0
0
597
0
664
0
18707
0
0
589
18711
5
2
690
0
606
597
0
0
690
5
601
18723
0
18725
0
646
589
0
0
664
602
3
18734
0
3
0
646
691
18740
18741
0
0
1
686
0
0
0
18749
0
1
18752
18753
676
1
18756
561
0
18759
596
1
0
0
0
0
0
18767
18768
2
2
0
0
18773
18774
18775
0
1
9
18779
0
18781
18782
0
0
18785
0
1
18788
0
0
0
0
0
18794
18795
2
0
0
665
638
18801
0
609
0
18805
0
0
0
688
18810
18811
0
623
2
1
575
18817
7
2
0
0
1
667
0
0
626
0
4
0
18830
0
18832
0
0
2
0
603
0
0
0
0
568
18843
606
18845
0
641
0
0
0
18851
605
0
520
18855
18856
569
0
0
0
0
12
18863
0
1
0
18867
678
18869
625
690
0
18873
603
18875
595
0
0
2
1
0
4
4
18884
596
579
665
0
1
523
0
18892
2
690
0
18896
18897
0
2
18900
18901
0
18903
18904
615
642
18907
0
0
0
0
18912
18913
0
18915
596
612
1
0
0
0
18922
0
6
18925
0
0
1
581
4
18931
18932
0
1
1
0
18937
524
579
630
0
2
18943
0
0
0
0
18948
18949
618
0
18952
0
18954
0
594
600
670
0
0
615
0
1
0
0
0
0
0
681
0
1
18972
526
0
18975
18976
0
0
2
0
0
18982
0
18984
18985
0
0
581
0
18990
18991
18992
675
18994
0
0
0
0
605
19000
584
3
0
0
0
19006
0
3
0
0
0
0
2
0
0
19016
0
0
2
599
0
0
1
19024
9
0
0
19028
19029
607
3
19032
613
0
0
4
0
596
634
1
0
693
0
1
0
19046
589
1
0
603
0
623
0
3
19055
0
0
0
671
0
2
0
5
19064
0
680
19067
0
19069
601
1
0
19073
685
0
680
0
0
3
0
3
1
3
0
626
0
0
603
19089
696
19091
1
1
2
626
0
0
0
3
0
0
0
0
0
19105
1
1
19108
0
19110
0
4
603
19114
19115
0
0
686
19119
19120
652
4
689
649
687
0
19127
6
669
0
3
19132
0
0
0
0
0
0
690
0
690
690
19143
5
0
0
605
0
10
0
591
0
19153
19154
19155
0
594
0
0
19160
0
594
0
0
5
0
0
0
3
0
0
0
1
0
19175
639
0
0
0
0
0
2
0
0
0
594
4
0
0
0
19191
0
0
0
19195
0
0
677
1
0
0
3
0
0
0
0
19207
0
0
19210
19211
653
3
19214
7
0
0
3
3
19220
19221
675
0
5
641
19226
19227
0
0
0
0
0
0
0
0
19236
0
705
709
0
19241
19242
0
689
0
19246
19247
0
0
536
705
19252
4
0
0
19256
6
1
2
687
19261
0
0
2
0
19266
19267
598
0
0
19271
19272
0
0
3
678
598
19278
0
0
0
19282
0
3
0
1
19287
0
0
638
1
696
19293
2
0
0
19297
1
19299
19300
19301
0
0
681
2
2
0
638
3
598
19311
638
0
0
0
19316
638
623
0
19320
0
2
0
19324
0
19326
0
0
0
19330
0
0
1
1
624
0
19337
690
542
0
19341
0
0
0
641
0
0
19348
0
0
0
603
662
0
626
1
0
19358
0
542
689
0
19363
19364
0
0
0
693
0
0
19371
638
0
689
714
0
604
4
0
19380
625
543
0
0
0
643
19387
19388
0
2
19391
19392
0
19394
604
2
1
19398
0
0
0
19402
0
0
19405
0
0
0
0
615
0
0
0
0
1
2
645
19418
661
3
0
686
645
0
19425
3
0
0
0
0
19431
695
0
19434
0
19436
0
0
0
0
0
19442
2
0
0
630
19447
0
19449
0
19451
0
0
607
0
19456
19457
19458
0
0
0
19462
0
0
19465
0
0
631
0
19470
703
19472
692
632
0
1
0
19478
0
0
0
0
0
19484
0
19486
694
19488
0
0
19491
19492
1
0
0
0
0
0
613
19500
19501
0
0
0
0
19506
616
633
2
0
0
19512
19513
3
694
0
0
0
19519
0
0
19522
0
19524
0
0
3
0
6
640
19531
0
0
0
19535
3
1
0
0
0
0
0
0
0
650
0
0
667
19549
0
19551
1
0
0
19555
642
0
19558
0
0
19561
19562
667
618
6
0
0
19568
0
1
0
723
0
651
0
651
0
0
646
0
636
0
646
699
619
697
1
0
19589
0
0
644
0
0
19595
19596
700
0
706
0
0
0
19603
4
19605
0
0
611
1
690
19611
19612
0
0
1
0
0
0
724
0
19621
0
3
19624
0
0
657
19628
2
0
674
0
697
0
0
1
657
0
697
4
0
0
0
654
0
0
698
1
1
0
0
19652
0
0
0
721
0
0
0
0
0
647
693
0
19665
671
656
622
19669
0
613
0
0
0
0
0
0
0
0
0
697
635
0
3
19685
19686
0
0
671
0
0
19692
0
0
6
0
625
0
0
19700
0
19702
673
659
0
2
650
625
659
0
0
19712
614
0
0
614
0
0
0
19720
0
0
19723
723
699
19726
19727
19728
635
0
19731
19732
0
0
672
0
19737
0
2
19740
0
0
4
19744
0
627
0
0
0
0
697
19752
0
0
0
19756
0
0
0
0
3
0
0
19764
0
730
0
0
0
0
628
19772
3
0
618
19776
0
0
19779
9
0
0
0
700
19785
0
2
0
7
622
622
0
0
1
0
0
0
0
0
19800
560
1
0
654
0
0
654
0
0
0
0
617
2
0
4
1
19817
0
703
0
640
19822
0
5
19825
654
1
728
19829
19830
4
0
19833
0
0
732
624
0
681
1
655
0
702
0
19845
0
0
681
1
0
0
681
0
630
19855
0
1
662
0
657
19861
630
0
2
0
563
0
717
19869
0
2
0
0
6
620
734
622
0
655
1
3
657
0
717
623
19886
0
643
668
0
676
0
19893
563
0
615
0
0
0
621
0
0
0
0
0
1
5
0
0
0
0
703
19913
0
19915
19916
658
0
0
0
0
0
657
703
19925
0
19927
2
2
19930
648
0
629
19934
9
0
19937
1
0
0
19941
0
4
0
0
0
3
1
0
19950
1
0
19953
719
19955
1
1
639
19959
706
2
0
19963
0
19965
6
0
0
0
0
4
19972
0
0
0
0
682
0
715
705
0
0
19983
6
19985
0
0
4
0
2
0
3
0
662
683
19996
0
0
0
0
0
1
3
1
0
0
0
0
20009
0
0
0
707
20014
0
0
0
0
0
0
20021
0
20023
20024
0
20026
737
0
20029
635
0
1
0
0
0
20036
20037
0
707
0
0
0
20043
0
725
0
0
0
684
651
20051
0
20053
0
689
20056
0
20058
0
20060
0
0
20063
665
0
2
20067
20068
2
0
0
0
0
689
0
622
0
20078
20079
20080
20081
738
0
0
664
0
0
727
20089
20090
0
0
3
664
20095
642
0
642
0
0
0
1
20103
739
9
665
665
20108
0
0
0
0
20113
20114
20115
3
0
0
0
0
0
0
654
0
0
0
1
1
0
0
0
0
630
7
20135
1
3
0
0
0
0
0
0
0
577
0
0
640
0
654
20151
0
0
0
20155
0
667
741
20159
691
0
0
20163
20164
654
20166
0
2
1
0
633
0
0
20174
0
0
0
20178
0
0
0
0
1
20184
0
0
20187
0
20189
20190
0
20192
20193
0
20195
0
635
654
715
20200
20201
4
0
20204
2
0
644
20208
0
0
20211
20212
0
0
0
0
0
20218
1
0
1
0
637
675
20225
20226
0
20228
721
3
20231
1
0
20234
694
0
20237
0
638
0
0
4
20243
0
0
1
0
0
20249
0
732
20252
0
20254
20255
1
0
0
20259
697
0
20262
0
644
0
674
0
20268
20269
0
20271
0
0
0
0
0
0
1
0
0
0
671
20283
696
0
660
0
697
718
0
0
0
3
1
0
20296
0
20298
3
718
0
0
710
0
671
20306
0
0
20309
0
20311
735
20313
20314
717
664
20317
664
1
642
0
20322
0
0
0
664
717
1
633
20330
0
0
20333
748
696
0
2
646
0
1
0
0
0
0
0
0
3
0
749
1
0
3
20353
1
0
0
672
1
0
0
695
735
0
0
0
0
0
674
696
751
1
20372
20373
0
0
20376
0
0
0
0
0
724
588
20384
0
1
20387
0
0
0
20391
20392
751
0
20395
1
674
0
1
678
2
20402
683
0
701
752
4
0
0
0
0
4
1
0
0
4
20417
756
4
0
0
739
0
739
20425
0
0
0
0
649
0
0
0
0
0
20436
0
674
0
0
0
0
0
0
3
0
758
754
0
0
3
6
0
20454
646
20456
702
1
0
741
0
0
0
0
654
0
0
674
0
20470
20471
0
20473
674
681
0
20477
20478
20479
5
7
0
20483
0
0
20486
0
0
0
20490
0
0
1
20494
588
0
0
0
0
0
588
0
20503
0
0
761
0
1
20509
0
20511
651
0
654
681
649
0
0
0
674
0
6
639
20524
651
20526
757
0
590
746
20531
20532
0
20534
0
676
0
20538
0
656
643
2
0
0
0
0
643
0
20549
0
2
0
682
0
0
0
20557
0
0
1
675
0
0
20564
20565
2
0
0
725
1
20571
702
0
20574
20575
0
757
0
20579
2
4
0
20583
2
0
0
0
0
20589
685
20591
20592
0
705
2
0
0
0
20599
20600
0
0
677
705
0
675
678
20608
1
705
655
1
0
1
20615
0
1
20618
0
0
20621
0
705
0
729
0
657
0
0
20630
0
3
0
0
20635
679
20637
4
0
0
0
0
20643
0
658
20646
20647
658
1
1
0
752
2
20654
0
0
1
1
0
0
662
0
1
688
0
20666
662
680
0
0
5
658
20673
0
0
1
1
20678
0
1
1
20682
0
709
20685
0
658
20688
734
0
0
0
711
0
0
20696
3
0
709
20700
20701
2
20703
20704
649
0
0
20708
1
20710
2
0
20713
0
0
20716
0
0
0
0
20721
1
0
0
0
20726
692
0
0
0
20731
20732
0
0
5
0
20737
0
20739
682
660
0
692
0
20745
0
2
1
660
0
732
597
0
4
20755
20756
651
0
693
683
0
0
0
1
0
2
0
714
0
0
4
20772
0
756
0
699
0
4
20779
683
683
0
20783
0
20785
20786
20787
0
0
3
598
0
694
20794
0
0
700
0
20799
0
2
0
20803
5
0
0
662
767
20809
717
0
0
5
0
696
0
0
0
0
20820
0
1
1
20824
0
0
20827
0
5
685
0
685
697
20834
5
671
20837
0
1
0
9
0
0
0
20845
20846
0
1
687
20850
0
693
0
20854
3
1
20857
0
1
0
0
20862
0
0
758
0
0
0
20869
714
0
662
20873
0
0
0
0
654
20879
1
0
0
0
3
0
0
0
694
686
0
0
757
0
760
0
0
757
1
20899
0
0
0
0
3
0
0
0
716
0
0
20911
0
0
20914
0
20916
20917
656
0
0
5
6
0
20924
0
0
1
661
0
0
656
1
0
20934
0
0
702
0
0
20940
20941
20942
0
20944
1
0
20947
20948
0
690
0
689
0
1
0
20956
20957
20958
0
753
0
0
0
0
773
777
0
20968
0
5
702
0
0
0
20975
4
0
0
0
0
661
702
2
0
20985
691
698
0
0
2
0
0
0
20994
0
20996
4
0
0
0
0
0
21003
21004
0
0
0
21008
0
0
0
1
0
21014
723
21016
0
0
2
0
0
710
0
2
21025
21026
0
21028
21029
0
13
728
5
1
0
0
0
0
2
21040
21041
662
0
0
21045
2
0
21048
5
727
4
695
0
21054
704
3
0
3
21059
0
775
0
3
0
0
0
0
21068
0
21070
21071
21072
0
0
0
21076
0
3
0
755
2
0
21083
0
0
0
0
0
0
706
731
4
694
1
682
21096
5
0
0
1
5
0
0
1
21105
21106
0
0
665
1
0
0
0
706
755
0
730
0
1
21120
730
0
0
773
3
0
21127
6
21129
21130
0
0
3
774
750
0
750
6
0
0
2
21142
0
0
0
0
0
21148
0
21150
0
672
21153
696
2
21156
0
0
767
0
21161
1
0
732
14
728
0
0
8
21170
700
0
1
0
0
4
21177
727
706
0
768
21182
743
21184
0
21186
700
0
0
0
0
21192
1
733
21195
0
1
21198
755
784
0
1
785
0
5
0
2
700
0
708
0
0
5
0
2
2
0
0
4
686
0
0
21223
0
0
0
0
0
0
786
0
21232
21233
21234
21235
686
700
734
0
1
1
755
0
21244
0
0
3
0
0
3
21251
0
3
21254
0
0
1
21258
682
6
0
713
21263
21264
755
0
734
0
0
738
712
4
0
1
755
791
21277
0
731
21280
669
21282
21283
21284
0
746
0
5
1
0
0
709
4
0
0
0
0
2
0
21300
2
0
0
702
21305
0
2
0
2
0
747
0
704
0
1
0
0
0
0
693
2
0
0
0
611
705
0
7
21329
21330
1
689
1
711
0
21336
748
0
0
2
21341
0
21343
722
0
794
0
3
0
683
0
0
0
0
21355
0
0
741
0
21360
0
2
2
0
0
0
21367
0
722
716
613
683
0
21374
0
21376
0
0
5
9
0
1
21383
5
21385
0
613
0
704
21390
0
1
0
712
741
0
0
0
21399
21400
0
709
722
3
777
21406
614
2
0
1
614
750
21413
0
0
8
0
689
21419
3
0
3
0
8
5
0
21427
0
0
21430
21431
0
738
0
21435
21436
21437
751
0
21440
697
0
0
0
1
688
0
0
5
21450
0
0
8
802
778
21456
0
0
21459
0
0
1
21463
0
0
0
0
0
4
0
688
21472
0
0
719
21476
2
0
0
0
1
712
0
21484
0
0
2
21488
2
0
0
726
0
2
0
0
21497
2
21499
0
617
0
0
0
0
6
756
0
0
2
0
805
0
0
3
21516
805
0
21519
0
3
0
0
0
1
0
21527
2
21529
0
0
717
0
21534
0
21536
0
0
726
21540
698
0
714
0
21545
1
0
7
21549
0
785
770
0
720
0
757
704
0
0
704
2
0
0
6
704
21566
0
0
0
21570
0
785
0
0
0
1
0
21578
0
0
619
2
0
808
3
1
0
1
0
0
21591
3
0
1
808
0
0
0
0
715
774
21602
0
698
741
728
757
0
0
775
720
0
21613
0
9
21616
2
0
701
720
1
0
0
0
1
0
21627
692
0
21630
0
0
3
801
0
0
0
21638
0
0
21641
0
0
0
2
5
21647
0
21649
706
21651
0
721
3
0
21656
790
4
0
21660
0
0
0
758
727
746
746
21668
5
21670
3
0
0
0
0
21676
754
747
715
0
0
759
715
0
0
21686
778
692
2
2
717
0
9
21694
0
0
0
0
1
21700
0
0
21703
21704
13
21706
0
716
21709
4
621
0
0
21714
700
0
747
0
3
0
0
0
0
804
21725
1
5
712
21729
1
725
0
0
706
21735
2
0
797
0
21740
21741
21742
0
21744
748
0
0
724
21749
724
0
733
0
0
0
0
0
0
0
21760
689
0
21763
21764
0
0
0
0
0
794
0
692
0
21774
6
738
718
2
0
4
0
702
0
725
0
21786
21787
0
1
4
21791
1
4
5
0
0
21797
0
0
0
771
0
3
21804
0
729
717
4
725
799
21811
1
21813
0
0
0
0
0
814
725
21821
2
21823
21824
0
21826
0
2
0
0
0
0
0
0
0
0
21837
0
0
2
0
625
0
21844
0
0
730
791
0
0
0
0
21853
0
0
3
0
0
0
21860
0
0
21863
0
0
21866
21867
0
21869
0
711
0
0
0
1
0
0
754
21879
21880
0
705
21883
21884
21885
698
5
3
5
1
779
0
0
2
0
724
21897
0
0
0
1
21902
21903
0
21905
3
0
0
0
0
727
0
21913
0
0
21916
3
0
21919
743
744
21922
743
3
21925
21926
0
0
0
6
0
0
0
0
0
21936
3
21938
0
818
726
0
21943
804
0
21946
0
743
0
723
0
1
21953
0
0
805
727
21958
0
728
21961
0
0
728
0
0
21967
21968
0
714
631
0
0
0
0
0
21977
1
21979
21980
21981
0
0
0
21985
6
0
728
4
21990
0
784
0
0
5
21996
760
1
0
730
22001
0
22003
0
0
0
3
0
22009
745
22011
0
785
4
0
3
0
0
754
0
22021
0
0
0
22025
0
22027
22028
0
793
760
0
0
0
0
808
0
0
808
0
705
6
0
717
0
0
0
3
5
0
2
0
732
22054
4
22056
1
0
814
22060
1
22062
0
0
22065
699
22067
2
22069
22070
22071
0
734
0
0
22076
4
0
22079
0
0
0
0
22084
0
2
742
0
0
787
22091
1
0
0
22095
0
0
743
0
0
764
743
0
820
0
4
22107
763
743
763
763
806
0
0
0
0
0
0
815
0
0
6
750
793
0
0
1
22128
0
738
0
0
820
4
743
0
0
794
22139
0
0
0
22143
2
0
22146
22147
0
0
806
2
0
0
22154
806
0
0
0
0
0
22161
0
22163
0
735
0
5
0
22169
0
0
742
807
0
717
22176
788
737
0
2
0
22182
22183
732
0
747
0
0
22189
1
736
0
0
22194
22195
3
642
22198
0
764
0
0
0
0
0
0
709
2
1
733
715
0
22213
642
0
796
22217
735
22219
22220
739
22222
22223
0
789
0
0
718
740
747
756
22232
0
0
3
0
1
0
0
0
740
22242
766
0
0
0
0
5
1
4
744
0
0
0
22255
22256
22257
22258
2
0
1
22262
6
775
0
22266
7
22268
775
0
0
0
22273
4
0
816
0
22278
739
0
0
0
1
4
0
728
0
0
0
22290
741
0
6
0
0
1
737
22298
1
0
4
0
0
22304
0
0
0
0
22309
22310
22311
0
22313
22314
0
759
1
0
22319
0
749
0
738
0
0
0
0
766
729
0
0
22332
0
0
767
22336
804
0
0
795
756
22342
750
0
1
22346
819
22348
22349
0
0
800
6
22354
756
777
0
0
825
0
0
0
22363
820
2
0
3
0
22369
646
0
745
22373
22374
0
22376
0
760
807
770
22381
22382
2
0
0
646
0
0
6
722
0
0
3
4
0
0
22397
0
1
0
1
22402
0
0
1
775
0
22408
1
1
0
0
22413
0
0
753
737
22418
827
741
0
0
0
740
0
0
719
22428
1
22430
3
0
723
22434
777
1
764
22438
22439
22440
1
0
22443
0
2
0
22447
0
1
0
0
4
0
770
2
0
0
0
0
1
22461
740
22463
11
22465
22466
22467
758
22469
0
740
1
0
0
744
0
800
0
0
1
0
2
0
0
0
3
1
0
0
0
0
0
0
0
0
831
2
831
720
22500
742
0
22503
801
0
22506
22507
22508
0
0
22511
0
0
1
22515
827
0
764
831
22520
0
4
22523
0
22525
744
720
22528
3
22530
801
6
22533
0
0
0
0
22538
0
4
0
4
22543
0
729
0
2
22548
770
22550
1
0
0
770
0
833
22557
22558
0
22560
744
0
0
22564
0
0
0
0
0
764
0
22572
0
2
0
22576
0
0
0
22580
22581
0
0
830
0
0
7
4
0
0
780
764
766
0
0
0
772
22598
22599
3
0
0
22603
1
655
22606
0
767
744
22610
722
22612
22613
729
0
0
22617
0
0
0
837
1
0
9
1
0
2
22628
22629
0
1
0
22633
0
0
0
782
8
1
0
729
22642
0
0
0
782
0
0
745
727
0
22652
782
770
0
0
0
0
0
0
0
1
22663
752
0
770
0
0
0
0
22671
782
0
815
1
22676
5
0
22679
4
22681
0
1
22684
4
0
838
0
767
3
7
22692
22693
0
0
753
0
0
1
748
0
839
0
7
0
0
22707
22708
783
754
0
0
0
771
0
0
0
0
22719
0
730
1
22723
0
0
0
22727
0
0
0
0
0
22733
0
22735
780
0
22738
0
8
0
22742
0
0
0
824
22747
0
840
22750
22751
786
0
760
6
0
738
773
0
1
0
740
2
784
760
22766
0
0
0
8
0
0
22773
0
775
22776
9
840
826
0
5
0
1
0
0
22786
0
22788
0
0
1
1
750
0
0
22796
22797
12
1
736
3
739
5
22804
0
0
22807
0
1
1
22811
0
827
751
0
785
0
22818
0
757
0
0
22823
22824
22825
0
0
0
0
0
22831
753
730
22834
0
0
0
0
0
0
0
1
0
5
22845
0
0
1
22849
0
0
0
780
818
22855
0
827
756
743
22860
1
6
764
10
0
845
0
22868
0
5
0
22872
22873
0
0
22876
22877
0
0
0
765
1
0
3
819
0
0
777
765
22890
22891
0
765
0
0
22896
2
2
22899
22900
22901
788
0
4
0
1
22907
0
0
668
820
22912
0
0
844
0
0
0
0
0
820
0
1
0
0
2
4
0
0
782
782
22932
22933
3
0
0
0
1
0
0
0
5
22943
0
0
0
0
0
0
22950
4
22952
0
22954
801
0
0
0
22959
0
0
0
22963
22964
745
0
22967
0
820
794
0
5
22973
22974
0
0
0
0
22979
777
13
5
794
0
22985
22986
1
0
0
0
22991
0
747
22994
0
4
821
7
0
775
0
23002
2
0
821
23006
0
821
0
795
0
23012
7
0
0
0
7
5
23019
0
0
0
23023
0
23025
23026
1
0
23029
0
1
0
4
23034
0
0
748
779
6
0
10
837
23043
23044
749
0
0
0
0
0
0
1
0
770
1
1
741
847
0
0
0
747
0
770
23065
23066
4
0
783
23070
763
1
770
23074
0
0
837
1
23079
23080
23081
0
779
0
0
0
0
798
1
2
23091
0
0
3
3
3
23097
780
2
825
0
23102
0
0
674
0
0
0
0
23110
766
0
750
796
0
0
785
3
0
0
23121
23122
771
0
851
2
0
0
5
5
0
23132
797
838
773
0
0
0
0
0
0
4
23143
1
1
23146
23147
0
0
786
23151
23152
4
0
852
0
0
23158
0
0
0
0
0
0
0
0
0
0
0
0
0
0
0
0
1
810
0
23178
831
0
23181
4
0
0
23185
23186
0
2
1
6
23191
0
23193
853
1
3
1
1
3
23200
0
0
799
0
23205
770
0
0
23209
23210
23211
0
775
23214
0
23216
0
0
0
23220
0
0
1
0
0
827
770
0
781
0
0
0
831
0
0
3
1
868
0
0
0
0
0
790
23245
23246
0
0
0
23250
2
0
0
0
0
4
23257
8
5
23260
2
796
0
3
0
0
0
0
796
831
0
0
23273
23274
2
23276
23277
0
23279
0
23281
0
0
803
774
23286
23287
23288
23289
8
23291
23292
0
843
23295
0
870
0
761
0
794
0
2
0
0
3
0
775
677
23310
0
1
843
3
23315
0
0
831
859
0
23321
23322
0
0
0
23326
14
3
5
23330
23331
23332
1
2
23335
0
848
871
0
23340
761
0
0
23344
23345
23346
23347
1
775
0
23351
0
798
0
1
23356
0
777
23359
784
0
0
0
817
792
1
778
23368
5
0
0
817
0
0
23375
680
0
3
0
0
793
4
0
0
23385
775
23387
0
0
23390
1
0
23393
0
0
0
0
23398
3
4
23401
23402
839
23404
0
805
795
0
23409
763
0
796
0
0
0
851
23417
0
23419
0
23421
0
23423
0
3
23426
777
0
0
1
0
0
5
0
23435
0
767
23438
0
1
0
0
23443
0
851
23446
0
838
0
0
23451
1
3
0
0
0
23457
23458
0
865
23461
0
819
0
863
0
23467
2
7
23470
0
23472
0
0
0
0
23477
0
23479
0
0
0
4
0
23485
0
0
23488
23489
0
778
23492
1
4
0
23496
1
3
0
23500
0
0
3
879
853
0
0
685
0
0
802
0
1
0
779
804
23517
782
6
1
5
0
855
23524
0
2
23527
0
0
766
23531
0
0
766
23535
0
0
7
0
23540
802
0
0
797
0
0
23547
821
1
819
3
0
23553
0
9
6
9
0
0
0
23561
23562
0
0
0
855
6
0
2
3
0
769
0
812
787
4
23577
0
0
23580
23581
0
0
806
823
23586
870
823
2
1
0
0
0
0
0
0
0
23598
0
23600
808
0
0
0
23605
857
23607
8
0
771
0
0
1
23614
857
0
846
23618
788
852
2
0
0
4
808
808
847
23628
23629
0
0
0
23633
0
23635
3
23637
0
0
0
0
0
854
4
787
3
0
0
1
23650
23651
774
23653
23654
1
0
0
23658
2
23660
23661
0
1
854
23665
23666
0
4
2
0
800
0
1
5
1
0
875
23678
0
23680
0
0
0
692
0
23686
1
0
5
23690
7
0
23693
777
9
0
0
6
2
0
0
800
865
0
761
3
789
1
0
1
800
0
792
2
0
0
790
0
23719
3
1
762
792
0
0
0
4
23728
23729
774
23731
23732
792
774
23735
23736
23737
23738
23739
793
774
2
762
825
794
0
23747
23748
23749
23750
23751
17
23753
23754
23755
0
4
2
2
0
0
23762
0
0
0
803
3
784
0
0
0
23772
0
0
2
0
0
23778
791
860
0
0
0
23784
4
23786
0
0
0
696
879
0
0
822
893
0
0
4
893
0
0
4
0
0
2
3
823
0
2
1
23811
0
0
0
794
0
809
0
3
816
0
0
2
862
816
0
1
1
0
0
894
801
23833
0
3
0
1
809
861
879
1
832
23843
829
0
23846
23847
698
0
0
0
0
0
0
23855
23856
8
816
818
23860
1
23862
0
0
0
7
0
807
0
787
23871
0
0
23874
23875
0
5
0
23879
23880
1
0
0
23884
0
23886
0
0
780
1
765
23892
0
854
7
0
0
0
0
0
1
23902
0
23904
0
23906
0
0
0
5
789
23912
0
1
23915
0
5
0
23919
881
23921
0
0
0
799
0
0
790
0
5
872
0
0
0
0
0
0
0
23939
0
4
4
23943
815
0
866
872
0
1
23950
0
0
23953
0
0
0
1
0
23959
4
0
0
830
23964
812
867
0
0
5
883
830
23972
817
785
0
0
0
804
23979
0
3
2
23983
0
23985
0
4
0
23989
804
23991
23992
0
23994
0
703
868
0
0
24000
24001
4
0
0
0
0
0
24008
821
705
812
0
0
0
0
0
0
0
820
24020
0
0
0
1
769
834
834
0
4
909
24031
830
799
24034
0
10
24037
0
0
0
0
0
0
24044
0
0
0
0
0
6
24051
0
0
1
24055
24056
2
0
24059
24060
2
0
1
0
0
831
1
822
0
0
0
1
0
5
0
0
808
812
0
0
0
824
0
1
825
0
787
875
24089
0
3
0
806
787
833
6
0
0
0
0
24101
0
24103
3
1
24106
788
0
0
1
2
804
2
1
1
0
24117
0
787
810
0
0
6
1
24125
2
24127
24128
24129
1
0
9
24133
0
24135
24136
24137
3
816
890
834
0
0
0
7
0
0
0
2
2
0
1
860
24154
0
24156
0
1
878
0
827
5
825
807
0
1
0
0
0
0
24171
5
1
0
0
0
24177
0
7
0
709
24182
0
24184
0
0
11
835
24189
0
24191
880
5
24194
0
24196
0
5
789
24200
24201
0
820
828
3
24206
0
0
0
24210
0
0
0
0
1
24216
793
0
0
4
24221
0
0
3
1
0
884
24228
881
0
0
803
830
874
24235
24236
1
0
24239
10
827
0
0
814
0
0
920
893
4
24250
0
0
863
6
0
0
3
0
874
24260
24261
24262
24263
24264
814
24266
2
1
8
0
0
24272
24273
6
24275
0
0
24278
3
0
2
1
0
815
805
887
795
1
0
24290
0
827
0
832
711
0
1
0
4
845
24301
0
0
797
832
0
4
0
782
0
0
3
0
0
4
845
0
24318
0
0
827
24322
24323
0
817
0
3
24328
0
883
0
815
0
5
2
0
0
815
3
5
0
0
0
0
1
830
0
0
815
24350
0
3
830
0
0
3
1
24358
1
0
2
797
0
815
806
0
24367
0
24369
815
0
24372
0
3
833
0
801
0
24379
0
0
806
5
24384
0
0
10
0
0
0
0
24392
886
2
24395
0
2
839
873
24400
0
0
846
847
0
828
0
0
24409
0
0
24412
24413
0
790
0
0
0
24419
0
0
0
0
5
2
0
840
24428
0
0
0
4
896
3
905
840
0
0
1
24440
0
0
0
924
24445
24446
24447
24448
5
0
0
0
0
879
24455
5
846
827
0
0
24461
0
831
0
0
0
899
0
24469
0
24471
24472
854
848
0
24476
0
3
24479
879
0
925
803
24484
3
0
0
3
820
0
1
0
901
0
24495
0
0
854
718
2
7
4
832
0
24505
5
0
0
24509
0
0
2
850
2
842
0
24517
0
24519
881
8
0
3
0
24525
24526
0
0
815
825
0
0
0
0
0
901
0
0
0
24540
24541
0
24543
24544
0
0
0
0
0
24550
24551
24552
893
24554
0
24556
0
856
0
0
0
0
836
24564
24565
901
795
9
824
2
24571
3
8
0
0
0
0
24578
24579
0
1
0
0
0
822
24586
0
2
24589
824
0
3
0
0
5
0
895
0
2
8
722
24602
0
809
24605
0
798
911
809
4
0
5
24613
24614
0
24616
24617
1
853
9
24621
3
0
3
886
0
913
0
829
0
0
856
24633
854
0
0
0
0
0
857
863
810
0
0
0
1
0
24648
1
24650
0
0
840
24654
0
24656
0
0
0
0
24661
0
0
24664
0
0
24667
0
0
1
24671
0
24673
812
824
863
0
24678
1
1
2
0
858
837
0
0
24687
0
24689
0
24691
0
24693
863
0
0
1
0
24699
6
11
0
864
812
0
864
835
0
884
0
906
907
841
24714
0
1
728
899
0
0
0
0
24723
1
0
24726
858
24728
24729
884
0
0
24733
899
24735
884
884
0
0
24740
821
24742
0
906
24745
0
0
6
4
24750
24751
0
24753
0
24755
24756
8
803
24759
24760
847
828
0
0
920
24766
0
0
0
24770
1
920
843
858
0
0
0
0
10
859
1
24782
858
24784
0
736
0
0
830
0
0
0
831
0
0
0
24797
24798
885
831
24801
2
0
24804
24805
24806
0
0
827
24810
24811
841
737
0
841
7
923
1
24819
832
4
2
0
0
1
5
0
0
923
0
0
24832
0
1
3
24836
0
4
0
0
900
0
0
1
0
833
24847
850
24849
1
829
0
1
4
24855
0
0
0
0
0
738
0
24863
738
6
0
0
1
3
24870
0
0
0
24874
0
854
0
0
0
0
0
912
3
24884
5
24886
